1 -36.8333 -73.05
2 42.9294 -85.5456
3 39.9774 -75.1452
4 39.9774 -75.1452
5 39.9774 -75.1452
6 42.3451 -71.0993
7 42.3451 -71.0993
8 42.3451 -71.0993
9 43.0606 -88.0981
10 64.3155 -22.088
11 64.15 -21.95
12 64.15 -21.95
13 65 -18
14 64.15 -21.95
15 64.15 -21.95
16 64.15 -21.95
17 64.15 -21.95
18 64.15 -21.95
19 65 -18
20 65 -18
21 65 -18
22 41.6552 -4.7237
23 49.2167 18.7333
24 55.7522 37.6156
25 62.7333 7.1833
26 67.2833 14.3833
27 62 10
28 36.5658 139.8836
29 36.1866 -86.7852
30 35.9606 -83.9207
31 36.7593 -3.9525
32 36.7593 -3.9525
33 37.3483 -79.1571
34 30.6535 -97.5828
35 45.8 16
36 43.359 -2.6664
37 43.359 -2.6664
38 43.359 -2.6664
39 43.359 -2.6664
40 51.75 -1.25
41 40.4086 -3.6922
42 37.57 126.98
43 25.0392 121.525
44 40.8176 -96.7114
45 41.6815 -87.9706
46 41.6815 -87.9706
47 41.7351 -88.0447
48 40.5516 -74.4637
49 40.5032 -74.4289
50 38 -97
51 38 -97
52 38 -97
53 38 -97
54 38 -97
55 38 -97
