1 12.1508 -86.2683
2 -0.2167 -78.5
3 42.2003 2.1905
4 59.8944 30.2642
5 59.8944 30.2642
6 59.8944 30.2642
7 55.6667 12.5833
8 52.5 5.75
9 52.5 5.75
10 52.5 5.75
11 48.25 15.5667
12 47.3667 11.7167
13 4.6492 -74.0628
14 -32.8908 -68.8272
15 -12.2833 -66.25
16 -12.2833 -66.25
17 -12.2833 -66.25
18 -34.4833 -58.5167
19 -12.05 -77.05
20 6.2518 -75.5636
21 4.6492 -74.0628
22 31.8969 34.8186
23 62 15
24 48.8222 2.1221
25 48.8222 2.1221
26 41.7653 -88.377
27 35.2086 -97.4445
28 35.1495 -90.049
29 38 -97
30 38 -97
31 38 -97
32 38 -97
33 38 -97
34 38 -97
35 38 -97
36 38 -97
37 38 -97
38 38 -97
39 38 -97
40 38 -97
41 38 -97
42 38 -97
43 38 -97
44 38 -97
45 38 -97
46 38 -97
47 38 -97
48 38 -97
49 38 -97
50 38 -97
51 38 -97
52 38 -97
53 38 -97
54 38 -97
55 38 -97
