1 42.4547 -71.1502
2 41.0534 -73.5387
3 41.0534 -73.5387
4 41.0534 -73.5387
5 41.0534 -73.5387
6 41.0534 -73.5387
7 41.0534 -73.5387
8 38.8185 -121.2819
9 37.0941 -86.4286
10 34.6864 135.52
11 34.6864 135.52
12 34.6864 135.52
13 34.6864 135.52
14 34.7667 138.0167
15 12.9833 77.5833
16 35.685 139.7514
17 35.7167 140.65
18 33.9526 -84.5499
19 35.685 139.7514
Not Found
21 35.685 139.7514
22 35.685 139.7514
23 35.685 139.7514
24 35.685 139.7514
25 35.685 139.7514
26 35.685 139.7514
27 35.685 139.7514
28 35.685 139.7514
29 44.9759 -93.2166
30 40.4249 -86.9162
31 40.4249 -86.9162
32 40.4249 -86.9162
33 43.0761 -89.4104
34 40.3756 -74.6597
35 40.3756 -74.6597
36 40.3756 -74.6597
37 42.1827 -80.0649
38 40.7849 -77.847
39 41.5281 -70.6535
40 40.0878 -105.3735
41 43.1548 -77.6156
42 44.6609 -74.9258
43 44.6609 -74.9258
44 44.6609 -74.9258
45 44.6609 -74.9258
46 21.3267 -157.8167
47 21.3267 -157.8167
48 21.3267 -157.8167
49 21.3267 -157.8167
50 21.3267 -157.8167
51 37.5538 -77.4603
52 37.5538 -77.4603
53 37.5538 -77.4603
54 37.5538 -77.4603
55 37.5538 -77.4603
