1 37.5538 -77.4603
2 37.2669 -80.4325
3 37.2669 -80.4325
4 37.2669 -80.4325
5 39.5645 -75.597
6 46.5333 6.6667
7 40.3563 -111.7325
8 44.5642 -123.279
9 32.2338 -110.95
10 32.2338 -110.95
11 42.3451 -71.0993
12 42.3451 -71.0993
13 47.2626 -122.4413
14 40.4249 -86.9162
15 40.4249 -86.9162
16 60.1756 24.9342
17 44.0364 -123.0547
18 44.0364 -123.0547
19 44.0364 -123.0547
20 42.4485 -76.4804
21 42.4485 -76.4804
22 59.9167 10.75
23 62 10
24 33.749 -84.388
25 33.749 -84.388
26 39.0012 -76.9317
27 38.9807 -76.9369
28 38.8336 -76.8777
29 53.2167 6.55
30 39.1023 -96.5246
31 35.2086 -97.4445
32 35.2086 -97.4445
33 35.2086 -97.4445
34 35.2086 -97.4445
35 35.2086 -97.4445
36 25.72 -80.2707
37 25.72 -80.2707
38 42.036 -93.4652
39 37.1894 -121.7053
40 37.1894 -121.7053
41 39.1623 -76.5776
42 38.8336 -76.8777
43 41.5074 -81.6053
44 63.4167 10.4167
45 33.9937 -81.0199
46 33.9937 -81.0199
47 42.6523 -71.3506
48 35.3471 -120.4553
49 35.3471 -120.4553
50 35.3471 -120.4553
51 35.3471 -120.4553
52 35.3471 -120.4553
53 39.2499 -86.4555
54 43.0389 -87.9065
55 40.8 -96.667
