1 38 -97
2 38 -97
3 32.2179 -110.9686
4 32.2179 -110.9686
5 35.2334 -106.6645
6 -34.5875 -58.6725
7 -34.5875 -58.6725
8 27.9475 -82.4584
9 33.7866 -118.2987
10 38.4829 -121.6398
11 36.175 -115.1372
12 48.8645 -122.6307
13 47.6062 -122.3321
14 47.6062 -122.3321
15 29.7633 -95.3633
16 32.0835 -81.0998
17 32.0835 -81.0998
18 27.6386 -80.3973
19 37.7563 -77.4888
20 37.7563 -77.4888
21 42.4586 -71.3597
22 38.5816 -121.4944
23 38.5891 -121.3027
24 47.6062 -122.3321
25 26.6217 -81.8406
26 26.6217 -81.8406
27 42.2793 -71.4162
28 45.5234 -122.6762
29 45.4763 -122.6408
30 37.8591 -122.4852
31 39.5846 -107.3016
32 32.7766 -79.9309
33 32.7766 -79.9309
34 41.9125 -88.1348
35 32.7208 -97.1626
36 34.1867 -118.449
37 37.8313 -122.2853
38 39.8571 -83.8313
39 30.6327 -97.6772
40 36.1659 -86.7844
41 33.8353 -117.9145
42 33.8353 -117.9145
43 33.8353 -117.9145
44 41.85 -87.65
45 38.7521 -121.288
46 38 -97
47 37.5629 -97.2285
48 52 20
49 48.15 11.5833
50 47.7833 16
51 47.3667 8.55
52 46.9167 7.4667
53 47.9445 -91.7717
54 30.2835 -86.0305
55 32.7153 -117.1573
