1 41.1468 -73.4948
2 37.7749 -122.4194
3 41.999 -87.822
4 34.1511 -118.4493
5 40.2021 -74.012
6 38.8966 -121.0769
7 27.9475 -82.4584
8 54.3608 18.6583
9 55.7522 37.6156
10 48.86 2.35
11 48.86 2.35
12 45.45 11
13 44.2617 12.3589
14 48.95 12.75
15 30.246 -87.7008
16 34.0667 136.2
17 33.6064 130.4181
18 1.2931 103.8558
19 35.1802 136.9067
20 37.05 136.9667
21 35.685 139.7514
22 -37.8333 145
23 35.685 139.7514
24 35.6594 139.8533
25 37.57 126.98
26 41.4396 -72.0609
27 41.4396 -72.0609
28 41.4396 -72.0609
29 41.4396 -72.0609
30 41.4396 -72.0609
31 41.4396 -72.0609
32 41.4396 -72.0609
33 41.4396 -72.0609
34 41.4396 -72.0609
35 41.4396 -72.0609
36 41.4396 -72.0609
37 41.4396 -72.0609
38 41.4396 -72.0609
39 41.4396 -72.0609
40 41.4396 -72.0609
41 41.4396 -72.0609
42 41.4396 -72.0609
43 41.4396 -72.0609
44 41.4396 -72.0609
45 41.4396 -72.0609
46 41.4396 -72.0609
47 41.4396 -72.0609
48 41.4396 -72.0609
49 41.4396 -72.0609
50 42.4547 -71.1502
51 42.4547 -71.1502
52 42.4547 -71.1502
53 42.4547 -71.1502
54 42.4547 -71.1502
55 42.4547 -71.1502
