1 38 -97
2 38 -97
3 38 -97
4 38 -97
5 38 -97
6 38 -97
7 38 -97
8 38 -97
9 38 -97
10 38 -97
11 38 -97
12 38 -97
13 38 -97
14 38 -97
15 38 -97
16 38 -97
17 38 -97
18 43.6885 -79.7616
19 65.3333 21.5
20 50.7593 25.3424
21 46.8575 7.2503
22 46.8575 7.2503
23 46.8575 7.2503
24 46.8575 7.2503
25 46.8575 7.2503
26 50.7167 8.05
27 61.4833 21.7833
28 48.4167 15.6
29 52.5 5.75
30 53.8667 10.7
31 64 26
32 50.8333 4
33 62 10
34 62 10
35 41.9 12.4833
36 44.0633 12.5808
37 59.9167 10.75
38 62 10
39 60.1 10.1
40 59.9167 10.75
41 62 10
42 62 10
43 47.9 20.3833
44 47.9 20.3833
45 46 25
46 48.86 2.35
47 48.86 2.35
48 48.86 2.35
49 59 26
50 59 26
51 59 26
52 59.4339 24.7281
53 67.85 20.2167
54 67.85 20.2167
55 47.1333 9.5167
