1 40.7934 -77.86
2 40.7934 -77.86
3 40.7934 -77.86
4 44.9759 -93.2166
5 58.5813 -134.7698
6 -33.45 -70.6667
7 -33.45 -70.6667
8 41.2917 -96.1711
9 39.8489 -75.3823
10 40.6963 -73.6207
11 35.8493 -90.6793
12 41.1412 -73.2637
13 41.1412 -73.2637
14 19.4342 -99.1386
15 19.4342 -99.1386
16 42.9742 -85.9311
17 42.9742 -85.9311
18 42.9742 -85.9311
19 42.9742 -85.9311
20 42.9742 -85.9311
21 42.9742 -85.9311
22 42.9742 -85.9311
23 42.9742 -85.9311
24 42.3896 -72.4534
25 42.3896 -72.4534
26 41.7779 -72.7032
27 39.7851 -86.1665
28 39.7851 -86.1665
29 42.8175 -75.5483
30 42.8175 -75.5483
31 42.8175 -75.5483
32 42.2541 -77.7907
33 42.2541 -77.7907
34 42.2541 -77.7907
35 37.3824 -5.9761
36 37.3824 -5.9761
37 37.3824 -5.9761
38 37.3824 -5.9761
39 43.7667 11.25
40 35.69 139.69
41 36.2213 -81.7134
42 35.7463 -78.7239
43 35.7463 -78.7239
44 35.7463 -78.7239
45 35.7463 -78.7239
46 47.0662 -122.1132
47 34.6972 -79.1683
48 36.0525 -79.1077
49 36.0525 -79.1077
50 36.0525 -79.1077
51 36.0525 -79.1077
52 36.0525 -79.1077
53 35.2521 -83.1871
54 35.2521 -83.1871
55 35.9954 -78.9019
