1 44.231 -76.4791
2 49.849 -97.1497
3 35.9543 -93.9795
4 35.9543 -93.9795
5 32.7751 -117.0762
6 47 8
7 52.2195 6.8912
8 52.2195 6.8912
Not Found
10 52.2 0.1167
11 52.2 0.1167
12 52.2 0.1167
13 41.17 -81.1966
14 41.4773 -71.5208
15 41.4773 -71.5208
16 41.4773 -71.5208
17 48.2 16.3667
18 48.2 16.3667
19 51.45 5.4667
20 51.8333 5.8667
21 49.5897 11.0039
22 41.8784 -87.6852
23 32.5782 -85.349
24 32.5782 -85.349
25 32.5782 -85.349
26 42.3179 -72.6402
27 28.0631 -82.4128
28 28.0631 -82.4128
29 33.7516 -84.3915
30 35.3471 -120.4553
31 20.8999 -156.5389
32 20.8999 -156.5389
33 39.3031 -82.0828
34 35.69 139.69
35 46.2718 -96.6081
36 50.7708 6.1053
37 40.5412 -119.5869
38 44.9679 -93.0884
39 44.9679 -93.0884
40 44.9679 -93.0884
41 44.9679 -93.0884
42 44.9679 -93.0884
43 47.6667 9.1833
44 47.7537 -122.6123
45 51.5333 9.9333
46 51.5333 9.9333
47 51.4333 6.75
48 50.9333 6.95
49 51.0591 -114.1146
50 51.0591 -114.1146
51 51.0591 -114.1146
52 40.6963 -89.6166
53 42.9197 -78.8779
54 46.8464 -96.7451
55 32.8807 -117.2359
