1 32.8807 -117.2359
2 32.8807 -117.2359
3 41.7583 -74.0657
4 42.4867 -75.0397
5 64.8378 -147.7164
6 64.8378 -147.7164
7 42.7812 -77.7778
8 51.6333 -3.9667
9 37.1375 -80.5506
10 33.7529 -116.0556
11 33.7529 -116.0556
12 40.3993 -104.7017
13 25.0392 121.525
14 25.0392 121.525
15 25.0392 121.525
16 25.0392 121.525
17 25.0392 121.525
18 47.6606 -122.2919
19 48.7395 -122.4809
20 48.7395 -122.4809
21 42.2923 -83.7145
22 42.2923 -83.7145
23 42.2923 -83.7145
24 42.2923 -83.7145
25 42.2923 -83.7145
26 42.2923 -83.7145
27 42.2923 -83.7145
28 42.2923 -83.7145
29 35.2017 -89.9715
30 42.408 -79.3241
31 50.6833 10.9
32 48.8833 8.7
33 51.5 12
34 48.3167 10.0667
35 48.7667 9.1833
36 49.2765 -123.2177
37 43.6 -79.65
38 48.4488 -123.3501
39 44.8471 -92.0009
40 37.8015 -79.5123
41 37.8015 -79.5123
42 40.64 -79.1294
43 48.8667 2.3333
44 48.8667 2.3333
45 52.5058 6.0858
46 41.8089 -88.0112
47 41.8089 -88.0112
48 41.8089 -88.0112
49 41.8089 -88.0112
50 41.8089 -88.0112
51 41.8089 -88.0112
52 41.8089 -88.0112
53 41.8089 -88.0112
54 41.8089 -88.0112
55 43.0761 -89.4104
