1 47.2881 8.6122
2 64.15 -21.95
3 48.3 14.3
4 51.6 7.6667
5 47 8
6 47 8
7 55.7522 37.6156
8 55.7522 37.6156
9 55.7522 37.6156
10 55.7522 37.6156
11 60 100
12 48.2 12.15
13 28.0997 -15.4134
14 53.1667 8.2
15 56.9675 23.1567
16 47.3333 13.3333
17 49.5417 15.3559
18 49.5417 15.3559
19 49.75 15.5
20 45.1667 15.5
21 49.1833 -2.1
22 52.2667 8.05
23 49.7548 12.9955
24 50.1474 15.1187
25 52.2911 45.809
26 52.2911 45.809
27 52.2911 45.809
28 52.2911 45.809
29 52.2911 45.809
30 52.2911 45.809
31 52.2911 45.809
32 51.2667 1.0833
33 53.0578 -0.7784
34 51.5 -0.13
35 48.2 16.3667
36 47.2313 39.7233
37 48.9167 8.5
38 45.1667 15.5
39 47.2667 12.4833
40 49.5983 18.0124
41 47.1 21.2167
42 46.6833 21.1
43 62 15
44 60.3833 10.55
45 45.45 11
46 47.5333 14.8833
47 48.3833 13.5833
48 46 25
49 49 32
50 51 9
51 64.0036 -22.559
52 53.7799 20.4942
53 59.4833 18.3
54 47.5212 7.6884
55 47.3667 8.55
