1 40.5767 -84.1399
2 38.1169 -86.9115
3 37.9969 -84.7466
4 37.9969 -84.7466
5 41.9923 -103.6328
6 34.0247 -84.5033
7 34.0245 -78.2942
8 33.9732 -78.3858
9 47 8
10 47 8
11 52.35 4.9167
12 52.35 4.9167
13 52.35 4.9167
14 52.35 4.9167
15 52.35 4.9167
16 43.1848 -2.4738
17 41.9844 2.8211
18 48.86 2.35
19 48.86 2.35
20 48.86 2.35
21 48.86 2.35
22 42.8333 12.8333
23 42.8333 12.8333
24 50.0061 20.9553
25 52.5 5.75
26 53.4395 14.5939
27 51.5 -0.13
28 47.4422 8.6729
29 62 10
30 61.1833 6.6333
31 50.6667 17.95
32 47 8
33 47 8
34 48.2 16.3667
35 48.2 16.3667
36 49.3613 17.3676
37 55.6 13
38 51 9
39 50.25 10.9667
40 50.25 10.9667
41 50.25 10.9667
42 51.5 -0.13
43 51.5 -0.13
44 51.5 -0.13
45 54.3333 10.1333
46 55.7522 37.6156
47 46.8568 9.5269
48 46.8568 9.5269
49 51 9
50 51 9
51 57.1 12.25
52 51 9
53 51 9
54 51 9
55 51 9
