1 4 -72
2 4 -72
3 -1.05 -80.45
4 19.43 -99.13
5 19.43 -99.13
6 10 -84
7 10.635 -85.4377
8 35.05 134
9 34.6617 133.935
10 34.6617 133.935
11 34.6617 133.935
12 34.6617 133.935
13 34.6617 133.935
14 34.6617 133.935
15 34.6617 133.935
16 34.6617 133.935
17 34.6617 133.935
18 34.6617 133.935
19 34.6617 133.935
20 34.6617 133.935
21 34.6617 133.935
22 34.6617 133.935
23 34.6617 133.935
24 34.6617 133.935
25 34.6617 133.935
26 34.6617 133.935
27 34.6617 133.935
28 34.6617 133.935
29 -5 120
30 35.69 139.69
31 35.69 139.69
32 34.6913 135.183
33 34.8 135.6333
34 35.69 139.69
35 34.6913 135.183
36 35.69 139.69
37 35.685 139.7514
38 35.685 139.7514
39 36.5271 138.0894
40 35.69 139.69
41 35.69 139.69
42 35.69 139.69
43 35.69 139.69
44 34.9167 137.15
45 -37.6861 176.1667
46 35.69 139.69
47 35.69 139.69
48 35.69 139.69
49 36.0667 136.2167
50 34.9769 138.3831
51 38.7023 -106.9402
52 40.2398 -76.92
53 40.015 -105.2706
54 49.3167 -123.0667
55 43.5872 -91.6241
