1 48.1 20.7833
2 51.4067 -3.2694
3 47.15 8.0031
4 47.2812 8.4535
5 47.0472 8.3695
6 46 15
7 46.0553 14.5144
8 47 8
9 66.05 17.9
10 64.5468 -21.9143
11 59.4339 24.7281
12 47.4167 16.0167
13 47.4167 16.0167
14 47.4167 16.0167
15 47.4167 16.0167
16 47.4167 16.0167
17 65.8333 24.1333
18 66.3833 23.6667
19 66.3833 23.6667
20 64.15 -21.95
21 63.8333 20.25
22 51.6667 -1.2833
23 59.05 12.7
24 58.9167 12.3
25 47.3333 13.3333
26 47.3333 13.3333
27 55.0702 9.3164
28 55.0702 9.3164
29 60.2 12
30 48.86 2.35
31 47.2331 9.6
32 56.8833 16.65
33 56.8833 16.65
34 56.8833 16.65
35 56.8833 16.65
36 59.3333 14.1167
37 51.05 12.3667
38 60.0333 13.65
39 48.86 2.35
40 47.7 -2
41 52.5 5.75
42 62 15
43 52.4167 -1.55
44 50.8333 4.3333
45 51.45 7.5667
46 50.7167 10.45
47 41.9 12.4833
48 49.75 15.5
49 49.2167 17.6667
50 37.9833 23.7333
51 46.1206 8.7108
52 63.35 23.15
53 69.6667 18.9667
54 46 25
55 51.2799 0.5342
