1 47 8
2 47 8
3 49.75 15.5
4 46.9394 7.7874
5 65.85 24.1833
6 65.85 24.1833
7 46.1046 7.0768
8 46.3105 6.9011
9 46.3105 6.9011
10 50.4833 7.6
11 48.2 16.3667
12 49.4811 8.4353
13 60 100
14 46 15
15 66.1 28.15
16 66.6833 24.4
17 66.6833 24.4
18 66.6833 24.4
19 66.6833 24.4
20 66.6833 24.4
21 66.6833 24.4
22 66.6833 24.4
23 66.6833 24.4
24 47 8
25 47 8
26 47 8
27 47 8
28 47 8
29 47 8
30 59.4339 24.7281
31 47 8
32 48.15 11.5833
33 50.3964 -4.1386
34 50.3041 19.0358
35 41.3984 2.1741
36 41.4471 2.2448
37 41.9844 2.8211
38 38 -97
39 34.8526 -82.394
40 48.4 -71.6833
41 53.55 -113.5
42 53.55 -113.5
43 45.2846 -111.3683
44 33.6891 -78.8867
45 45.4741 -76.6915
46 43.1009 -75.2327
47 43.1009 -75.2327
48 44.5667 -80.85
49 41.5375 -84.301
50 48.1958 -114.3129
51 40.8057 -96.4251
52 30.4066 -87.6836
53 30.2514 -87.6828
54 30.4066 -87.6836
55 36.6355 -88.283
