1 43.5872 -91.6241
2 43.6519 -79.3874
3 37.5521 -109.4821
4 40.7649 -111.8434
5 41.2471 -112.1316
6 41.335 -111.7945
7 36.2077 -119.3473
8 36.2077 -119.3473
9 45.6373 -121.9712
10 45.6373 -121.9712
11 38 -97
12 45.9535 -66.6704
13 45.9535 -66.6704
14 44.9591 -89.6301
15 36.3198 -82.3202
16 36.3198 -82.3202
17 14 -61
18 39.5398 -119.7386
19 39.0152 -119.7506
20 36.1201 -115.0877
21 36.1201 -115.0877
22 41.5236 -90.5776
23 40.5757 -112.3346
24 40.5757 -112.3346
25 40.5757 -112.3346
26 41.1216 -118.0537
27 41.1216 -118.0537
28 46.8128 -71.2194
29 45.7064 -121.7235
30 47.6476 -122.5364
31 47.6476 -122.5364
32 33.4484 -112.074
33 42.7945 -88.3994
34 39.3027 -91.5064
35 46.1247 -123.6765
36 35.0845 -106.6511
37 35.0845 -106.6511
38 45.4012 -122.6512
39 34.7744 -106.7274
40 39.3382 -84.1159
41 50.0667 -124.9833
42 39.7684 -86.158
43 37.4231 -76.3175
44 44.8096 -85.5707
45 41.85 -87.65
46 40.7143 -74.006
47 41.6972 -81.1974
48 40.7608 -111.8911
49 42.6548 -77.3833
50 42.8251 -73.6991
51 40.3245 -111.9618
52 43.5932 -70.2382
53 40.3631 -78.6448
54 40.3631 -78.6448
55 40.3631 -78.6448
