1 51 9
2 51 9
3 51 9
4 51 9
5 51 9
6 51 9
7 51 9
8 51 9
9 51 9
10 51 9
11 51 9
12 51 9
13 51 9
14 51 9
15 48.55 9.3667
16 51 9
17 35.69 139.69
18 35.69 139.69
19 34.9667 136.6167
20 35.7167 140.65
21 35.69 139.69
22 35.69 139.69
23 35.685 139.7514
24 35.685 139.7514
25 35.685 139.7514
26 35.69 139.69
27 35.69 139.69
28 35.69 139.69
29 35.69 139.69
30 35.69 139.69
31 35.69 139.69
32 35.69 139.69
33 35.69 139.69
34 35.69 139.69
35 35.69 139.69
36 43.05 141.3667
37 35.4478 139.6425
38 34.6667 135.5
39 34.6667 135.5
40 35.69 139.69
41 35.685 139.7514
42 35.685 139.7514
43 35.685 139.7514
44 35.685 139.7514
45 35.685 139.7514
46 35.685 139.7514
47 35.69 139.69
48 35.69 139.69
49 36.6953 137.2114
50 36.6953 137.2114
51 36.6953 137.2114
52 35.685 139.7514
53 35.7061 139.5594
54 35.7061 139.5594
55 35.685 139.7514
