1 62 15
2 67.2 23.3667
3 67.2 23.3667
4 52.2086 18.2541
5 52.2086 18.2541
6 62.5667 7.7
7 62.5667 7.7
8 50.4333 30.5167
9 43.2854 5.3761
10 59.3333 14.5167
11 47.5333 16.4333
12 62.2333 25.7333
13 52.4167 12.55
14 49.4414 11.8622
15 49.4414 11.8622
16 51 9
17 36.5236 -5.0463
18 40 -4
19 40 -4
20 40 -4
21 57.6667 15.85
22 47.8 13.0333
23 47.8 13.0333
24 53.55 10
25 53 -8
26 57.7744 26.0453
27 63.1833 14.65
28 63.1833 14.65
29 63.1833 14.65
30 37.8668 -122.2536
31 44.98 -93.2638
32 43.7982 -91.1286
33 43.7982 -91.1286
34 38 -97
35 38 -97
36 30.7587 -103.9249
37 30.7587 -103.9249
38 45.9005 -119.339
39 37.1791 -80.3515
40 38 -97
41 38 -97
42 38 -97
43 27.7969 -82.607
44 26.55 -77.05
45 34.2133 -118.88
46 39.3749 -119.2653
47 42.0334 -88.0834
48 46.3094 -79.464
49 46.3094 -79.464
50 34.8889 -81.0237
51 41.9705 -70.7014
52 6.2518 -75.5636
53 -23.4733 -46.6658
54 -23.4733 -46.6658
55 20.3336 -101.4764
