1 35.69 139.69
2 35.69 139.69
3 35.69 139.69
4 35.69 139.69
5 35.69 139.69
6 35.685 139.7514
7 35.685 139.7514
8 35.69 139.69
9 33.2493 130.2988
10 35.69 139.69
11 35.69 139.69
12 35.69 139.69
13 35.69 139.69
14 23.5 121
15 35.69 139.69
16 35.3471 -120.4553
17 35.69 139.69
18 35.69 139.69
19 35.69 139.69
20 35.69 139.69
21 35.69 139.69
22 35.69 139.69
23 35.69 139.69
24 35.69 139.69
25 31.0456 121.3997
26 35.69 139.69
27 23.5 121
28 23.5 121
29 35.685 139.7514
30 25.0392 121.525
31 35.69 139.69
32 47.1985 7.5884
33 56 10
34 47.0667 15.5833
35 49.3419 17.9836
36 41.798 1.9543
37 52.35 4.9167
38 43.3139 -1.8998
39 40 -4
40 40 -4
41 47 8
42 56.8981 12.5019
43 41.3984 2.1741
44 40 -4
45 37.2714 -6.9495
46 40 -4
47 49.75 6.6333
48 56.4977 84.9744
49 44 21
50 64 26
51 66.3167 22.8333
52 52.5167 13.4
53 47.5 19.0833
54 46.3667 17.8
55 52.5931 19.0894
