1 40.3631 -78.6448
2 40.3631 -78.6448
3 40.3631 -78.6448
4 40.3631 -78.6448
5 40.3631 -78.6448
6 40.3631 -78.6448
7 40.3631 -78.6448
8 39.9492 -77.325
9 40.0024 -75.3008
10 46.4518 -122.7656
11 42.556 -83.1178
12 26.6217 -81.8406
13 44.52 -79.99
14 44.52 -79.99
15 47.6597 -117.4291
16 30.2672 -97.7431
17 18.3333 -64.8333
18 44.3867 -123.1173
19 44.3867 -123.1173
20 36.5033 -87.2294
21 47.6104 -122.2007
22 38 -97
23 40.3986 -84.6341
24 47.6573 -111.3805
25 60 -95
26 60 -95
27 60 -95
28 60 -95
29 37.6363 -108.3015
30 37.6363 -108.3015
31 47.7948 -124.2643
32 34.5794 -118.1165
33 44.4306 -68.2836
34 39.7589 -84.1916
35 39.7684 -86.158
36 39.7684 -86.158
37 42.9603 -77.9779
38 36.0679 -86.7194
39 34.9667 136.6167
40 35.69 139.69
41 35.6047 140.1233
42 35.69 139.69
43 31.9111 131.4239
44 35.69 139.69
45 35.69 139.69
46 35.69 139.69
47 35.69 139.69
48 35.69 139.69
49 35.69 139.69
50 35.69 139.69
51 35.69 139.69
52 35.69 139.69
53 35.69 139.69
54 35.69 139.69
55 35.69 139.69
