1 41.6419 -91.4617
2 35.812 -77.0488
3 45.5 -73.5833
4 35.8191 -96.3897
5 33.8181 -84.3604
6 33.8181 -84.3604
7 35.1495 -90.049
8 29.7211 -83.466
9 30.4213 -87.2169
10 42.4281 -71.0546
11 46.7667 -56.1833
12 43.1474 -95.1425
13 39.889 -84.2296
14 50.2833 -107.7667
15 38.8951 -77.0364
16 38.8951 -77.0364
17 37.3394 -121.895
18 39.9523 -75.1638
19 37.8044 -122.2708
20 37.8044 -122.2708
21 37.8044 -122.2708
22 37.8044 -122.2708
23 39.006 -77.1025
24 44.4759 -73.2121
25 37.2555 -121.9245
26 38 -97
27 43.9292 -123.0867
28 42.3479 -87.8671
29 37.129 -84.0833
30 33.4484 -112.074
31 33.4484 -112.074
32 33.4484 -112.074
33 33.4484 -112.074
34 33.4484 -112.074
35 42.8666 -106.3131
36 30.2672 -97.7431
37 44.9729 -93.2873
38 32.7831 -96.8067
39 32.7831 -96.8067
40 32.7831 -96.8067
41 39.7392 -104.9847
42 26.1223 -80.1434
43 44.7986 -67.5424
44 40.7236 -79.8354
45 29.0964 -81.0878
46 41.6639 -83.5552
47 41.6639 -83.5552
48 41.6639 -83.5552
49 43.413 -106.2495
50 43.493 -109.6436
51 43.707 -80.3777
52 42.8864 -78.8784
53 31.8692 -101.9727
54 31.8692 -101.9727
55 32.3046 -102.6379
