1 35.685 139.7514
2 25.0392 121.525
3 35.7167 140.65
4 35.7167 140.65
5 35.7167 140.65
6 35.7167 140.65
7 35.5833 139.765
8 35.69 139.69
9 35.69 139.69
10 36.85 138.3667
11 35.5167 137.8333
12 35.5167 137.8333
13 35.69 139.69
14 35.69 139.69
15 35.69 139.69
16 35.69 139.69
17 35.69 139.69
18 35.69 139.69
19 35.69 139.69
20 35.69 139.69
21 35.69 139.69
22 35.69 139.69
23 35.69 139.69
24 35.69 139.69
25 35.69 139.69
26 35.69 139.69
27 35.69 139.69
28 35.685 139.7514
29 35.685 139.7514
30 35.685 139.7514
31 35.685 139.7514
32 35.685 139.7514
33 35.685 139.7514
34 35.685 139.7514
35 35.685 139.7514
36 38.8951 -77.0364
37 43.8929 -71.6759
38 48.8471 -123.2928
39 36.0625 -115.3192
40 35.671 -80.4742
41 45.5321 -76.0116
42 45.5321 -76.0116
43 31.9974 -102.0779
44 34.2257 -77.9447
45 34.1422 -81.2047
46 28.1764 -82.5954
47 27.7709 -82.6793
48 26.2159 -98.3253
49 29.6195 -100.8089
50 34.2257 -77.9447
51 39.1093 -84.6209
52 46.6288 -87.4796
53 46.6288 -87.4796
54 45.5234 -122.6762
55 44.65 -63.6
