1 44.5032 -64.2221
2 28.0145 -82.6923
3 38.8048 -77.0469
4 40.7143 -74.006
5 43.7516 -70.2793
6 43.5416 -70.4687
7 43.6615 -70.2553
8 35.0751 -83.2101
9 39.6291 -77.7128
10 37.3211 -79.5274
11 40.1125 -88.2426
12 28.0222 -81.7329
13 44.7189 -67.7349
14 43.8172 -70.1783
15 48.86 2.35
16 56.5759 32.7124
17 27.2389 33.8361
18 47 8
19 36.8333 -2.45
20 53.5167 -113.3167
21 40.0153 -105.1076
22 39.9348 -75.0307
23 42.3584 -71.0598
24 35.685 139.7514
25 25.0392 121.525
26 24.1433 120.6814
27 37.57 126.98
28 23.5 121
29 35.685 139.7514
30 34.6864 135.52
31 34.6864 135.52
32 34.6864 135.52
33 34.6864 135.52
34 25.0392 121.525
35 22.6333 120.35
36 23.5 121
37 23.5 121
38 24.9869 121.3056
39 35.685 139.7514
40 35.685 139.7514
41 35.685 139.7514
42 35.685 139.7514
43 35.685 139.7514
44 35.685 139.7514
45 35.685 139.7514
46 35.685 139.7514
47 35.685 139.7514
48 35.685 139.7514
49 35.685 139.7514
50 35.685 139.7514
51 35.685 139.7514
52 35.685 139.7514
53 35.685 139.7514
54 3.0167 101.6167
55 34.6667 135.5
