1 35.35 136.6167
2 35.69 139.69
3 35.8203 139.8044
4 35.69 139.69
5 35.685 139.7514
6 35.685 139.7514
7 35.685 139.7514
8 33.3167 130.5167
9 35.69 139.69
10 35.69 139.69
11 35.69 139.69
12 35.69 139.69
13 35.69 139.69
14 35.69 139.69
15 35.69 139.69
16 35.69 139.69
17 35.9667 138.4833
18 35.69 139.69
19 35.69 139.69
20 35.69 139.69
21 35.69 139.69
22 35.69 139.69
23 35.69 139.69
24 35.69 139.69
25 35.69 139.69
26 35.69 139.69
27 35.69 139.69
28 35.69 139.69
29 35.69 139.69
30 35.69 139.69
31 35.69 139.69
32 35.685 139.7514
33 35.685 139.7514
34 25.0392 121.525
35 13.754 100.5014
36 33.4425 129.9697
37 33.4425 129.9697
38 33.4425 129.9697
39 33.4425 129.9697
40 33.4425 129.9697
41 33.4425 129.9697
42 33.4425 129.9697
43 33.4425 129.9697
44 33.4425 129.9697
45 59.9167 10.75
46 59.9167 10.75
47 54.1936 16.1849
48 54.1936 16.1849
49 61.35 16.3667
50 48.2 16.3667
51 55.7522 37.6156
52 53.062 5.6779
53 52.5167 13.4
54 64 26
55 48.86 2.35
