1 47.1333 9.5167
2 43.3333 -8.3167
3 47.1311 7.2519
4 47.352 8.7137
5 42.5191 -0.3624
6 42.5191 -0.3624
7 42.5466 -6.5962
8 41.6447 -0.972
9 38.26 -0.707
10 40 -4
11 43.3194 -3.0203
12 41.3917 2.1782
13 42.3502 -3.6753
14 51.7167 8.7667
15 47.8833 16.25
16 47.3333 13.3333
17 57 25
18 57 25
19 56.05 12.7
20 48.15 17.1167
21 48.3 14.3
22 47.3333 13.3333
23 51.5 -0.13
24 51.5 -0.13
25 51.5 -0.13
26 51.5 -0.13
27 51.5142 -0.0931
28 59.8167 10.25
29 59.7425 10.2117
30 59.3333 14.5167
31 59.3333 14.5167
32 51.9864 -4.5578
33 60.9667 25.6667
34 51.5 -0.13
35 56.95 24.1
36 55.7522 37.6156
37 46.3178 7.9881
38 52.35 4.9167
39 47.3667 8.55
40 47.5 9.7667
41 16.2333 -61.5167
42 14.6 -61.0833
43 16.2333 -61.5167
44 14.6 -61.0833
45 48.86 2.35
46 41.3984 2.1741
47 41.4969 2.1574
48 48.86 2.35
49 47 8
50 47 8
51 48.86 2.35
52 64.2 19.7333
53 64.2 19.7333
54 65.0833 17.1667
55 64.2333 19.9833
