1 28.6366 -96.8927
2 38.9822 -80.2008
3 48.5078 -120.3362
4 25.0833 -77.35
5 41.0246 -80.6697
6 41.5236 -90.5776
7 43.9786 -75.9004
8 40.8424 -91.1073
9 43.857 -70.1031
10 32.9537 -96.8903
11 49.1364 -122.8213
12 34.1207 -84.0044
13 38.5708 -94.8803
14 61.6092 -148.4657
15 39.6428 -84.2866
16 42.4072 -76.5159
17 43.0481 -76.1474
18 43.0481 -76.1474
19 26.1788 -98.3595
20 45.3575 -91.0922
21 39.4015 -76.6019
22 32.7831 -96.8067
23 39.162 -84.4569
24 42.1013 -103.7625
25 36.429 -77.7247
26 36.7473 -95.9808
27 43.2572 -77.6682
28 61.1886 -149.8878
29 39.3454 -102.2561
30 37.5483 -121.9886
31 38 -97
32 38 -97
33 37.9577 -121.2908
34 38.6273 -90.1979
35 28.0781 -82.7637
36 36.8541 -94.399
37 37.7749 -122.4194
38 38.8048 -77.0469
39 43.1184 -89.5207
40 32.2217 -110.9265
41 33.6965 -85.682
42 21.977 -159.3911
43 35.4656 -94.199
44 41.3452 -72.1088
45 32.7831 -96.8067
46 43.0693 -96.7959
47 42.0464 -84.7725
48 38.2691 -88.8044
49 39.746 -75.5466
50 40.6461 -111.498
51 35.9132 -79.0558
52 35.9132 -79.0558
53 35.9132 -79.0558
54 39.6691 -84.0902
55 40.7143 -74.006
