1 32.3046 -102.6379
2 32.3046 -102.6379
3 44.2855 -68.5727
4 40.2787 -74.3683
5 40.2787 -74.3683
6 41.2835 -70.0995
7 38.2542 -85.7594
8 38.2542 -85.7594
9 25.7014 -80.3582
10 34.8697 -111.761
11 26.7212 -80.0925
12 38 -97
13 38 -97
14 38 -97
15 38 -97
16 39.7684 -86.158
17 38 -97
18 29.808 -81.2677
19 39.7392 -104.9847
20 39.918 -75.2692
21 41.85 -87.65
22 28.8053 -97.0036
23 41.7081 -70.3405
24 42.9396 -71.5353
25 26.0112 -80.1495
26 26.0112 -80.1495
27 40.1883 -75.1502
28 37.666 -77.5064
29 47.6062 -122.3321
30 26.142 -81.7948
31 26.142 -81.7948
32 39.5186 -104.7614
33 32.9672 -117.2586
34 27.9447 -82.7943
35 26.3483 -80.1585
36 48.1436 -98.8872
37 42.6179 -70.7154
38 40.0982 -87.6409
39 45.5038 -109.5674
40 25.9248 -81.6456
41 33.8449 -117.7391
42 60.7333 11.15
43 60.7333 11.15
44 60.7167 10.6167
45 50.6231 26.2274
46 51.9167 4.5
47 46.9 19.7833
48 46.9 19.7833
49 46.9 19.7833
50 69.9667 23.2417
51 36.7227 -3.5395
52 44.4333 10.7
53 49.3996 17.6742
54 64 26
55 43.9 12.9167
