1 53.4833 12.4833
2 48.86 2.35
3 48.86 2.35
4 48.86 2.35
5 48.86 2.35
6 59.8944 30.2642
7 50.6466 13.8401
8 50.6466 13.8401
9 47 8
10 47 8
11 47 8
12 47 8
13 47 8
14 53.6 9.8167
15 52.5 5.75
16 47.4705 8.3164
17 47.4947 8.2535
18 51.5 -0.13
19 51.5 -0.13
20 52.7737 -1.4782
21 38.7167 -9.1333
22 48.2 15.6333
23 48.0833 16.2333
24 60.9667 25.6667
25 48.4 13.7667
26 43.5833 11.3167
27 43.5833 11.3167
28 43.5833 11.3167
29 69.6667 18.9667
30 69.6667 18.9667
31 48.1167 14.8667
32 48.1167 14.8667
33 60.2394 5.7539
34 60.2394 5.7539
35 43.2609 -2.9388
36 38.9887 -87.7452
37 39.0396 -87.1565
38 39.3579 -87.4245
39 39.3579 -87.4245
40 26.0251 -80.1256
41 38.0027 -89.2479
42 48.2205 -119.4552
43 33.4484 -112.074
44 33.5092 -111.899
45 44.9444 -93.0933
46 32.2217 -110.9265
47 42.0083 -91.6441
48 49.25 -123.1333
49 37.4033 -119.6138
50 45.02 -75.6456
51 32.2217 -110.9265
52 48.5372 -123.0679
53 48.5372 -123.0679
54 48.5372 -123.0679
55 44.98 -93.2638
