1 39.2951 -81.4773
2 28.7466 -97.0165
3 38 -97
4 38.693 -121.6812
5 38 -97
6 38.496 -105.0535
7 34.1839 -117.0835
8 38.1498 -120.4546
9 31.9974 -102.0779
10 37.9887 -92.7536
11 45.5234 -122.6762
12 31.5017 -111.0688
13 32.7734 -94.9889
14 37.2906 -80.1014
15 38.8339 -104.8214
16 35.0845 -106.6511
17 21.3136 -157.8057
18 34.0522 -118.2437
19 21.3136 -157.8057
20 21.3136 -157.8057
21 21.3136 -157.8057
22 20.8783 -156.6825
23 46.4436 -119.9189
24 30.7196 -86.0444
25 28.4769 -82.5255
26 26.1595 -97.9908
27 37.6922 -97.3375
28 46.2112 -119.1372
29 46.2112 -119.1372
30 46.2112 -119.1372
31 46.2112 -119.1372
32 46.2112 -119.1372
33 46.0143 -91.2901
34 51.0833 -114.0833
35 32.0835 -81.0998
36 40.7449 -73.9782
37 35.064 -92.3802
38 35.0718 -81.6498
39 44.1308 -94
40 38.8048 -77.0469
41 38 -97
42 40.6945 -74.269
43 36.7967 -119.9295
44 26.3398 -81.7787
45 48.6541 -112.8422
46 38.6089 -90.2148
47 37.7749 -122.4194
48 45.0293 -70.2579
49 42.2734 -83.7133
50 38.7967 -76.0489
51 34.0522 -118.2437
52 39.3433 -77.5739
53 33.4484 -112.074
54 33.4484 -112.074
55 40.6888 -74.0203
