1 55.7887 49.1221
2 55.9116 37.7308
3 49.0521 15.8101
4 39 35
5 48.3833 7.6167
6 37.9833 23.7333
7 37.9833 23.7333
8 46.15 10.9667
9 61.6833 27.25
10 61.6833 27.25
11 43.4 10.85
12 61.2 6.5333
13 49.5571 20.7355
14 49.5571 20.7355
15 45.45 11
16 43.2 13.0667
17 44.1433 12.2497
18 42.5833 13.9667
19 52.5058 6.0858
20 48.86 2.35
21 48.86 2.35
22 47.3333 13.3333
23 47.3333 13.3333
24 47.3333 13.3333
25 46.9647 15.4042
26 46.9647 15.4042
27 47.35 11.8833
28 47.3333 13.3333
29 47.35 10.1833
30 48.3 14.3
31 48.8667 2.3333
32 48.86 2.35
33 48.86 2.35
34 48.86 2.35
35 51 9
36 51 9
37 51 9
38 51 9
39 51 9
40 51 9
41 50.1167 8.6833
42 51 9
43 51 9
44 51 9
45 51 9
46 51 9
47 51 9
48 51 9
49 51.5 -0.13
50 42.8333 12.8333
51 43.5167 11.4833
52 51.5 -0.13
53 56.95 24.1
54 42.4167 1.9167
55 53.9091 14.24
