1 45.55 10.25
2 56 10
3 55.8167 12.4667
4 50.8667 6.8667
5 47.3333 13.3333
6 47.0667 9.9167
7 47.8 13.0333
8 47.8 13.0333
9 47.4167 12.85
10 47.3333 13.3333
11 49.2814 16.5648
12 49.2814 16.5648
13 49.2814 16.5648
14 42.8333 12.8333
15 42.8333 12.8333
16 51.4167 5.4167
17 51.4668 5.572
18 44.95 -0.2
19 43.2854 5.3761
20 43.7031 7.2661
21 43.1178 5.8001
22 59.4339 24.7281
23 51.45 -0.5833
24 48.15 11.5833
25 41.3984 2.1741
26 41.3984 2.1741
27 42.3502 -3.6753
28 36.168 -5.3472
29 40 -4
30 40 -4
31 40 -4
32 42.8333 12.8333
33 40.7667 14.8
34 42.8333 12.8333
35 42.8333 12.8333
36 51.2167 6.7667
37 47.3878 8.0735
38 69.725 30.0517
39 55.5827 37.9052
40 51.5 -0.13
41 51.4333 -1
42 51.5 -0.13
43 52.5 5.75
44 47 20
45 67.2833 14.3833
46 59.8944 30.2642
47 60.9667 25.6667
48 50.0564 14.6711
49 50.0564 14.6711
50 50.0564 14.6711
51 44.8186 20.4681
52 44.4333 26.1
53 48.9331 14.6216
54 45.7494 21.2272
55 42.6976 2.8954
