1 45.6333 4.75
2 45.7833 3.0833
3 44.4833 11.3333
4 35.69 139.69
5 48.1833 14.1167
6 48.1833 14.1167
7 55.7522 37.6156
8 49.9012 14.5812
9 59.4339 24.7281
10 48.6768 2.3484
11 47.3333 13.3333
12 48.0667 13.9
13 48.0667 13.9
14 47.0333 12.8333
15 47.0333 10.6
16 47.3333 13.3333
17 47.3333 13.3333
18 47.4333 15.3
19 47.0667 15.0833
20 46.7333 15.9667
21 47.4 10.9167
22 47.3717 8.0797
23 44.8333 11.5833
24 47 20
25 51 9
26 57 25
27 55.6294 37.8565
28 49.8224 19.0469
29 64.15 -21.95
30 42.8167 10.3167
31 47.5 19.0833
32 46.7667 21.1333
33 46.6167 21.1
34 51.5 -0.13
35 51.5 -0.13
36 54.7852 56.0456
37 55.75 60.1167
38 53 -8
39 48.9833 14.4667
40 44.95 26.0167
41 44.55 26.0667
42 52.5 5.75
43 55.0587 10.5913
44 57.4763 10.2009
45 49.0047 8.3858
46 47.5167 12.3333
47 47.3333 13.3333
48 46.6833 14.1167
49 47.3333 13.3333
50 52.3342 -6.4575
51 64.15 -21.95
52 49.9533 16.1547
53 49.33 17.5772
54 51 9
55 48.4 10
