1 25.7743 -80.1937
2 25.7743 -80.1937
3 51.75 -1.25
4 51.75 -1.25
5 47.6833 13.1
6 47 8
7 47 8
8 47 8
9 41.053 -76.4701
10 52.2 0.1167
11 34.6667 135.5
12 40.3756 -74.6597
13 37.9167 139.05
14 52.5 5.75
15 35.69 139.69
16 35.69 139.69
17 35.69 139.69
18 35.69 139.69
19 36.5314 -87.353
20 47 8
21 40.7282 -74.0776
22 35.685 139.7514
23 35.685 139.7514
Not Found
25 41.7057 -70.9469
26 45.9356 -66.6609
27 28.5383 -81.3792
28 43.4195 -83.9508
29 43.0389 -87.9065
30 40.2039 140.0242
31 40.2039 140.0242
32 41.808 -72.251
33 46.0619 13.2422
34 47 8
35 46.9004 7.2292
36 46.7209 6.9598
37 37.5522 -77.4582
38 37.5522 -77.4582
39 49.2765 -123.2177
40 47 8
41 49.2765 -123.2177
42 35.685 139.7514
43 52.25 -0.8833
44 45.7088 4.8606
45 51.6498 17.8089
46 36.5105 -4.8857
47 51.5 -0.13
48 57.6333 18.3
49 57.6333 18.3
50 43.8777 -79.4359
51 40.2109 -75.2782
52 52.3667 9.7167
53 53.4395 14.5939
54 43.1548 -77.6156
55 43.1548 -77.6156
