1 47.4705 8.3164
2 37.4842 -105.0369
3 36.0331 -86.7828
4 33.749 -84.388
5 60.9333 10.7
6 36.0331 -86.7828
7 35.685 139.7514
8 35.45 139.65
9 30.4066 -87.6836
10 47.4705 8.3164
11 35.685 139.7514
12 35.685 139.7514
13 35.685 139.7514
14 35.685 139.7514
15 35.685 139.7514
16 43.05 141.3667
17 35.685 139.7514
18 35.685 139.7514
19 35.7833 139.9
20 30.3322 -81.6556
21 37.05 140.8833
22 34.6913 135.183
23 54.3333 10.1333
24 35.685 139.7514
25 35.685 139.7514
26 41.3152 -70.009
27 50.8333 4
28 35.685 139.7514
29 47.2022 8.7842
30 40 -4
31 34.129 -105.4084
32 50.9333 11.5833
33 37.5155 -121.8962
34 30.246 -87.7008
35 35.69 139.69
36 41.682 -85.9767
37 35.69 139.69
38 46.5 -80.9667
39 48.3908 -4.4862
40 28.9175 -81.9229
41 38.0272 -85.177
42 55.7522 37.6156
43 35.69 139.69
44 28.9175 -81.9229
45 38.0272 -85.177
46 38.0272 -85.177
47 40.7276 -73.6344
48 37.3541 -121.9552
49 35.69 139.69
50 33.5833 130.4
51 35.15 -106.5728
52 60 100
53 49.8407 24.0305
54 37.7742 -87.1133
55 34.6667 133.9167
