1 64.6167 16.65
2 64.6167 16.65
3 61.3 17.05
4 51 9
5 44.0633 12.5808
6 37.8167 13.3
7 45.0441 11.75
8 45.3 11.3833
9 38.0333 12.5833
10 60 100
11 42.8333 12.8333
12 56.4977 84.9744
13 48.86 2.35
14 48.86 2.35
15 48.86 2.35
16 59.7 5.3833
17 59.7 5.3833
18 48.15 11.5833
19 55.7333 24.35
20 64.6833 24.4833
21 65.0167 25.4667
22 47.5 19.0833
23 47.5 19.0833
24 47.5 19.0833
25 51.1 13.65
26 51.1 13.65
27 51.1 13.65
28 51.1 13.65
29 51.1 13.65
30 60.8 11.1
31 61.1333 10.5
32 65 -18
33 47.3333 11.1833
34 57.65 12.0167
35 45.85 9.05
36 41.2167 14.45
37 41.2167 14.45
38 45.1667 15.5
39 63.3167 9.8667
40 51.9667 7.6333
41 56.3269 44.0075
42 56.3269 44.0075
43 56.3269 44.0075
44 53.2007 45.0046
45 48.5333 16.75
46 48.5333 16.75
47 48.8637 2.2769
48 48.8601 2.3507
49 48.8925 2.3444
50 43.3932 6.3147
51 48.8817 2.3822
52 49.4333 1.0833
53 49.4333 1.0833
54 48.6 2.4167
55 48.4295 1.4738
