1 48.9167 2.2833
2 48.7833 2.4
3 42.8333 12.8333
4 44.3167 23.8
5 44.3167 23.8
6 46.1833 21.3167
7 40.6333 14.4
8 40.8667 14.55
9 45.7383 12.2336
10 35.2985 -111.3252
11 53.0329 5.6633
12 53.1125 6.0989
13 46.5333 6.6667
14 53.1333 23.15
15 60.8 21.4167
16 60.95 21.3667
17 64 26
18 64 26
19 48.8655 2.3426
20 43.4833 -1.4833
21 40 -4
22 45.6667 9.95
23 47.8 13.0333
24 47.4167 12.85
25 47.3353 13.2989
26 51.7502 7.8968
27 43.8564 25.9708
28 52.5 5.75
29 28.0997 -15.4134
30 48.2 16.3667
31 48.2 16.3667
32 55.7522 37.6156
33 56 10
34 29.3697 47.9783
35 39 22
36 39 22
37 60.3333 6.6667
38 52.5 5.75
39 52.5 5.75
40 52.5 5.75
41 52.5 5.75
42 52.5 5.75
43 42.6833 23.3167
44 45.1667 15.5
45 45.1667 15.5
46 45.1667 15.5
47 48.95 8.4
48 48.2 16.3667
49 48.2 16.3667
50 48.2 16.3667
51 63.8333 23.1167
52 63.8333 23.1167
53 40.9167 14.15
54 40.9167 14.15
55 45.7494 21.2272
