1 38.3448 -76.5806
2 38.3448 -76.5806
3 42.3888 -71.4225
4 40.4249 -86.9162
5 63.8333 20.25
6 37.4299 -121.7783
7 53.35 -2.7333
8 53.35 -2.7333
9 27.8006 -97.3964
10 51.7862 4.4377
11 41.2223 -73.0565
12 34.0633 -117.6509
13 26.3711 -81.7733
14 42.3451 -71.0993
15 42.3451 -71.0993
16 43.1548 -77.6156
17 51.3794 -2.3656
18 41.7804 -87.6027
19 51.5 -0.13
20 49.9333 10.8833
21 51.5857 6.0201
22 51.5857 6.0201
23 43.1548 -77.6156
24 34.2726 -117.1968
25 47.4828 8.2037
26 34.0659 -117.7896
27 32.8807 -117.2359
28 47.3667 8.55
29 47.4998 9.3959
30 40.64 -79.1294
31 35.69 139.69
32 49.75 15.5
33 40.64 -79.1294
34 47 20
35 35.685 139.7514
36 35.685 139.7514
37 35.685 139.7514
38 34.6167 135.6
39 55.7522 37.6156
40 54.1549 34.3141
41 36.0331 -86.7828
42 51 9
43 47 8
44 55.8424 38.1936
45 45.1667 15.5
46 47.6167 13.15
47 47 8
48 42.6858 26.3292
49 40.7458 -73.639
50 47.4705 8.3164
51 35.5206 139.7172
52 35.5206 139.7172
53 35.5206 139.7172
54 36.0331 -86.7828
55 35.69 139.69
