1 59.7333 8
2 60.1 5.1667
3 55.7522 37.6156
4 41.9957 0.5426
5 40.8333 14.85
6 50.6107 36.5802
7 45.945 13.5978
8 45.45 11
9 42.8333 12.8333
10 42.8333 12.8333
11 59.8944 30.2642
12 59.8944 30.2642
13 43.9 12.9167
14 45.662 13.1081
15 37.9673 12.5227
16 42.8167 13.8333
17 43.9995 12.6569
18 43 25
19 53 -8
20 60 100
21 40.7684 -74.4942
22 28.2397 -82.3279
23 37.9445 -87.4053
24 42.062 -72.4989
25 34.2257 -77.9447
26 48.7833 -123.7
27 30.4213 -87.2169
28 34.2999 -79.8762
29 35.5206 -86.0703
30 30.5143 -86.463
31 33.6751 -117.7339
32 30.2241 -92.0198
33 40.209 -111.474
34 41.3362 -75.9633
35 40.6439 -78.6226
36 46.1933 -123.0548
37 36.8952 -121.2434
38 25.8941 -80.1821
39 30.4066 -87.6836
40 30.4066 -87.6836
41 32.8897 -117.1336
42 29.8327 -95.6627
43 41.85 -87.65
44 29.7633 -95.3633
45 37.57 126.98
46 46.8568 9.5269
47 48.2 16.3667
48 41.8089 -88.0112
49 42.2923 -83.7145
50 37.3824 -5.9761
51 35.69 139.69
52 50.0833 19.9167
53 38.5771 -122.4411
54 53.55 10
55 25.7743 -80.1937
