1 47.8 13.0333
2 47.3333 13.3333
3 47.3333 13.3333
4 41.7667 12.65
5 62 10
6 62 10
7 63.4 8.9833
8 62.35 6.25
9 52.35 14.55
10 55.6667 12.5833
11 47.3333 13.3333
12 48.4333 18.65
13 60 100
14 43.4667 11.15
15 49.75 15.5
16 37.9833 23.7333
17 56.1972 10.248
18 52.2667 8.05
19 51.5333 0.0833
20 46.7207 7.1037
21 45.7494 21.2272
22 45.6333 25.5833
23 45.15 26.8333
24 45.6333 25.5833
25 45.15 26.8333
26 45.15 26.8333
27 48.3 14.3
28 48.3 14.3
29 49.75 15.5
30 47 20
31 41.6167 0.6333
32 50.9833 7.1333
33 51 9
34 51 9
35 51 9
36 51 9
37 51 9
38 51 9
39 51 9
40 52.5 5.75
41 52.9021 16.5641
42 52.9021 16.5641
43 52.2379 4.4747
44 53 -8
45 51 9
46 51 9
47 52 20
48 42.8333 12.8333
49 47.1667 14.6667
50 49.1833 -2.1
51 47.7151 8.622
52 60 100
53 56.9972 40.9714
54 46.5667 11.6667
55 46.2833 11.45
