1 26.1223 -80.1434
2 43.0481 -76.1474
3 57.7167 11.9667
4 63.1667 17.2667
5 35.685 139.7514
6 26.6217 -81.8406
7 44.6224 -63.5736
8 44.6224 -63.5736
9 44.6224 -63.5736
10 47.0776 7.3116
11 58.7667 5.6667
12 34.6059 -86.9833
13 60 100
14 48.5333 8.0833
15 48.86 2.35
16 40.6572 -4.6995
17 42.2917 -85.5872
18 51 9
19 45.35 11.7833
20 40.5412 -119.5869
21 51.5 -0.13
22 36.02 -75.6699
23 30.4213 -87.2169
24 40.2489 -75.1498
25 40.2489 -75.1498
26 47.1242 8.4444
27 35.685 139.7514
28 41.1167 1.25
29 26.5629 -81.9495
30 26.5629 -81.9495
31 51 9
32 42.4928 -92.343
33 53.1333 23.15
34 46.7512 7.6217
35 35.685 139.7514
36 59.3333 14.5167
37 44.9283 -73.2775
38 27.0442 -82.2359
39 59.2 9.6
40 40 -4
41 35.9724 -84.2904
42 66.3667 12.3833
43 41.3081 -72.9282
44 33.6119 -111.8906
45 35.685 139.7514
46 34.1808 -118.309
47 34.1808 -118.309
48 34.1808 -118.309
49 46.7512 7.6217
50 53.55 -113.5
51 51.5 -0.13
52 41.3891 -81.5368
53 41.3891 -81.5368
54 44.6 -79.4167
55 40.6501 -73.9496
