1 59 26
2 59.4339 24.7281
3 47.1486 5.2747
4 35.69 139.69
5 47.5281 8.6685
6 35.69 139.69
7 30.4213 -87.2169
8 50.8667 8.0333
9 47.201 -116.5521
10 43.6797 -85.5619
11 31.3404 -110.9343
12 35.69 139.69
13 39.1023 -96.5246
14 39.1023 -96.5246
15 39.1023 -96.5246
16 35.3658 -120.8499
17 61.5 23.75
18 33.6119 -111.8906
19 35.69 139.69
20 35.685 139.7514
21 41.0484 -76.0019
22 47 8
23 35.685 139.7514
24 35.685 139.7514
25 35.685 139.7514
26 35.685 139.7514
27 38.9266 -77.3936
28 59.0167 6.05
29 36.6514 138.1811
30 38.75 141
31 70.9833 25.9833
32 40.9967 -72.3226
33 40.9967 -72.3226
34 35.685 139.7514
35 35.685 139.7514
36 35.3231 139.3422
37 35.3231 139.3422
38 39.1145 -1.996
39 63.6833 9.6833
40 34.6438 -92.9788
41 50.8667 -3.4
42 38.65 -90.5334
43 42.5602 -85.8586
44 35.45 139.65
45 22.1667 113.55
46 22.2 113.55
47 35.685 139.7514
48 35.685 139.7514
49 35.69 139.69
50 35.685 139.7514
51 59.4339 24.7281
52 34.6864 135.52
53 50.7708 6.1053
54 50.7708 6.1053
55 53.1333 7.6167
