1 35.69 139.69
2 35.5531 139.3544
3 35.69 139.69
4 35.69 139.69
5 33.1482 -95.5996
6 51.5 -0.13
7 47.8 13.0333
8 44.7916 -87.467
9 50.8333 12.9167
10 48.3 14.3
11 55.95 -3.2
12 43.9624 -86.3979
13 38.938 -76.3325
14 59.4339 24.7281
15 58.3661 26.7361
16 58.3661 26.7361
17 40.4249 -86.9162
18 40.4249 -86.9162
19 40.4249 -86.9162
20 40.4249 -86.9162
21 40.4249 -86.9162
22 40.9521 -73.7382
23 63.7333 9.7
24 40.9117 -74.3631
25 44.203 -72.8428
26 35.9 136.1667
27 21.0333 105.85
28 47 20
29 48.7577 16.89
30 32.7659 -79.8396
31 50.8333 -119
Not Found
33 44.3041 -94.4356
34 32.7714 -97.2915
35 43.5497 6.9943
36 43.5497 6.9943
37 37.9833 23.7333
38 25.9376 -81.6977
39 37.5155 -121.8962
40 35.69 139.69
41 35.69 139.69
42 35.5333 134.8333
Not Found
44 46.6847 7.6911
45 34.0311 -118.49
46 48.2932 -122.6432
47 20.6989 -156.443
48 51.4167 -0.5667
49 38 -97
50 27.0998 -82.4543
51 45.55 11.55
52 42.85 -2.6667
53 41.5421 2.4445
54 39.3333 -0.6167
55 39.5514 8.7917
