1 43.6615 -70.2553
2 37.3506 -94.6819
3 54.3167 8.95
4 28.3873 -16.5168
5 35.1495 -90.049
6 34.9926 -81.1787
7 40.1879 -75.4254
8 41.8208 -77.0752
9 29.2108 -81.0228
10 46.1154 -67.917
11 36.0626 -94.1574
12 44.0384 -64.7184
13 38.9376 -77.0928
14 54.9119 -1.3833
15 46.8492 7.1885
16 30.4218 -86.6298
17 36.3 136.3333
18 37.75 140.4667
19 51.5 -0.13
20 55.6333 13.2167
21 47.4899 6.9241
22 37.8668 -122.2536
23 34.9926 -81.1787
24 43.0463 -77.6892
25 49.8 6.7167
26 33.4484 -112.074
27 40.1246 -75.5385
28 40.1246 -75.5385
29 47.15 14.4
30 47.1667 14.6667
31 35.1768 -80.8544
Not Found
33 48.1436 -98.8872
34 52.0833 10.3333
35 50.9833 7.1333
36 51 9
37 39.1813 -107.2261
38 59.8944 30.2642
39 38.8983 -106.8741
40 48.86 2.35
41 33.8502 -117.7912
42 50.3 8.7167
43 37.57 126.98
44 49.5239 9.3231
45 50.0833 19.9167
46 46.5765 -122.3343
47 30.4213 -87.2169
48 48.9 9.1833
49 49.4811 8.4353
50 51.6167 7.2
51 39.1252 -76.5116
52 47.8833 12.65
53 42.7526 -90.4891
54 50.0333 8.1167
55 29.8409 -85.269
