1 35.69 139.69
2 59.0167 6.05
3 34.8914 -85.1207
4 37.9022 139.0236
5 51.3794 -2.3656
6 46.2131 -119.1682
7 29.7987 -95.4192
8 47.45 12.3833
9 52.3167 8.3333
10 52.2833 -1.5833
11 47.9333 8.0833
12 47.9333 8.0833
13 47.5 11.1
14 47.5 11.1
15 41.664 -91.5447
16 52.0938 5.1191
17 19.4342 -99.1386
18 60.1756 24.9342
19 43.6667 -79.4167
20 36.5484 -82.5618
21 59 26
22 35.685 139.7514
23 47.7833 12.9667
24 44.0744 -121.2574
25 42.5153 -70.9075
26 39.5743 2.6552
27 40.4 17.55
28 59.4119 5.2775
29 45.9284 3.4935
30 43.0642 141.3469
31 35.9724 -84.2904
32 35.9724 -84.2904
33 47 8
34 42.38 -71.1329
35 51.2 -1.4833
36 35.5206 139.7172
37 37.7799 -121.978
38 45.5333 9.5167
39 47 8
40 54.5333 13.55
41 35.685 139.7514
42 70.6617 23.6883
43 48.8667 2.3333
44 19.43 -99.13
45 35.685 139.7514
46 35.685 139.7514
47 42.8833 141.5667
48 35.685 139.7514
49 42.3801 -71.0642
50 35.685 139.7514
51 38.2406 140.3633
52 35.8348 140.1636
53 27.2965 -80.292
54 48.8667 2.3333
55 42.7526 -90.4891
