1 35.69 139.69
2 35.685 139.7514
3 35.685 139.7514
4 52.5167 13.4
5 44.7631 -85.6206
6 62 10
7 33.3228 -116.8786
8 35.685 139.7514
9 40.7801 -74.0633
10 38 -97
11 18 -76.8
12 51.3833 12.4833
13 35.69 139.69
14 28.0997 -15.4134
15 49.4167 8.7
16 37.1375 -80.5506
17 35.685 139.7514
18 40.8 -96.667
19 53.8667 10.7
20 30.6944 -88.043
21 40.7934 -77.86
22 52.0938 5.1191
23 52.9833 -3.9333
24 43 25
25 55.7522 37.6156
26 52.8825 -8.3503
27 52.8825 -8.3503
28 52.8825 -8.3503
29 49.75 15.5
30 33.7855 -82.4198
31 40.8549 -74.2859
32 35.9606 -83.9207
33 49.8167 6.8833
34 51 9
35 26.5629 -81.9495
36 34.9926 -81.1787
37 41.0387 -73.7173
38 40.5412 -119.5869
39 36.1473 -86.777
40 38.3384 -75.1249
41 48.2 16.3667
42 36.154 -95.9928
43 37.3338 -121.8915
44 35.4737 -81.2545
45 41.7804 -87.6027
46 40.5373 -7.2657
47 47 8
48 47 8
49 47.3667 8.55
50 28.4602 -16.2806
51 48.15 11.5833
52 51 9
53 48.25 11.65
54 30.4563 -84.354
55 50.7 11.0167
