1 51.6333 -0.7667
2 -37.8139 144.9634
3 55.7 13.1833
4 55.7 13.1833
5 55.7 13.1833
6 55.7 13.1833
7 55.7 13.1833
8 43.359 -2.6664
9 51.4833 7.2167
10 44.7916 -87.467
11 42.8333 12.8333
12 34.8833 135.8
13 37.7957 -122.4209
14 66.3167 14.1667
15 58.3833 8.7
16 36.1473 -86.777
17 33.4484 -112.074
18 34.6248 -112.422
19 34.6248 -112.422
20 32.5782 -85.349
21 41.8375 -69.9748
22 47 8
23 51.9 10.4333
24 35.685 139.7514
25 42.2683 -85.6167
26 42.3646 -71.1028
27 48.86 2.35
28 37.6941 -122.0863
29 47 8
30 47 8
Not Found
32 35.9 136.1667
33 53.9667 -1.0833
34 51.5 -0.13
35 51.5 -0.13
36 42.6179 -70.7154
37 63.8333 20.25
38 35.3261 139.4039
39 52.5167 13.4
40 53.6333 11.3833
41 29.4821 -98.4556
42 47.7157 -122.301
43 42.5244 -71.7657
44 43.6515 1.4832
45 53.55 10
46 47.5 11.1
47 49.1 10.9833
48 35.69 139.69
49 53.55 10
50 53.55 10
51 24.7163 -81.0767
52 46.8772 -96.7898
53 36.0714 -79.7679
54 42.9167 13.8333
55 35.69 139.69
