1 51.8007 4.6982
2 35.69 139.69
3 50.8333 4
4 47.5 19.0833
5 47.2667 11.4
6 49 32
7 41.7814 -72.7544
8 47.45 12.3833
9 59.9167 10.75
10 60.6 15.6333
11 47.0794 8.3404
12 47.3667 8.55
13 44.8333 11.5833
14 35.1427 -77.163
15 47.2 9.7667
16 40.4439 -79.9561
17 44.7167 -79.8167
18 49 32
19 48.8667 2.3333
20 50.5833 12.7
21 50.9957 5.8748
22 50.9957 5.8748
23 35.45 139.65
24 43.1313 -74.3571
25 43.55 7.0167
26 42.8333 12.8333
27 46.6839 7.8664
28 50.0833 14.4667
29 51.5167 -1.7833
30 37.4684 -80.9974
31 53.55 10
32 45.628 -110.9013
33 43.9561 -77.353
34 48.2 16.3667
35 41.7804 -87.6027
36 25.0392 121.525
37 25.0392 121.525
38 15 100
39 48.95 9.4333
40 39.6456 -79.9433
41 48.86 2.35
42 53.7333 11.7167
43 46.1868 6.2161
44 35.69 139.69
45 20.0833 -98.3667
46 33.9849 -81.025
47 35.69 139.69
48 47.65 9.4833
49 47 8
50 64.8378 -147.7164
51 41.6815 -87.9706
52 33.5597 133.5311
53 35.685 139.7514
54 36.6953 137.2114
55 36.6953 137.2114
