1 35.69 139.69
2 35.685 139.7514
3 47.0754 7.3108
4 34.9667 138.3833
5 52.4167 -1.7833
6 29.1872 -82.1401
7 51.46 -2.1247
8 52.9333 -1.5
9 47.228 8.826
10 60.1756 24.9342
11 47.6597 -117.4291
Not Found
Not Found
14 53.6333 14.0167
15 35.685 139.7514
16 35.685 139.7514
17 35.685 139.7514
18 51.9667 7.6333
19 47.4621 9.0429
20 35.685 139.7514
21 49.296 17.3957
22 63.8333 20.25
23 35.763 139.4458
24 37.5985 126.9783
25 60.9 26.3667
26 51 9
27 52.5 5.75
28 35.69 139.69
29 35.69 139.69
30 48.1436 -98.8872
31 51.5 -0.13
32 53.9167 9.5167
33 51 9
34 42.5051 -71.2047
35 47.979 -122.2021
36 50.2333 4.2333
37 38.4442 -82.1337
38 48.86 2.35
39 47 8
40 47 8
41 47 8
42 32.814 -96.9489
43 40.0707 -74.8332
44 47.6322 7.6218
45 35.5224 -98.7331
46 33.9571 -118.4041
47 33.9571 -118.4041
48 35.69 139.69
49 35.69 139.69
50 35.69 139.69
51 35.69 139.69
52 36.6953 137.2114
53 36.6953 137.2114
54 38 -97
55 64.7667 20.95
