1 41.55 2.2167
2 37.3824 -5.9761
3 41.3984 2.1741
4 39.1667 -0.25
5 47.8 13.0333
6 46.1667 24.4167
7 33.5833 130.4
8 33.5833 130.4
9 33.5833 130.4
10 33.5833 130.4
11 33.5833 130.4
12 33.5833 130.4
13 35.69 139.69
14 35.69 139.69
15 34.7667 134.85
16 35.685 139.7514
17 41.6787 0.8558
18 47 8
19 36.02 -75.6699
20 46.7649 -112.015
21 35.35 136.6167
22 44.5642 -123.279
23 35.685 139.7514
24 65 -18
25 49.0047 8.3858
26 51.8167 -0.8
27 35.685 139.7514
28 54.2667 10.0667
29 54.2667 10.0667
30 54.2667 10.0667
31 54.2667 10.0667
32 54.2667 10.0667
33 51.55 14.3667
34 40.2181 -111.6133
35 37.9843 -120.39
36 40.8963 -74.1513
37 40.8963 -74.1513
38 40.8963 -74.1513
39 40.8963 -74.1513
40 40.8963 -74.1513
41 63.8333 20.25
42 36.9788 -76.428
43 41.1176 -73.4079
44 42.2923 -83.7145
45 35.69 139.69
46 35.69 139.69
47 40.8 -96.667
48 51.5167 10.8
49 51 9
50 40.7608 -111.8911
51 59.3333 18.05
52 35.685 139.7514
53 35.3167 136.2833
54 56.1365 40.3966
55 46.1107 -118.3077
