1 35.69 139.69
2 35.69 139.69
3 35.69 139.69
4 35.69 139.69
5 35.69 139.69
6 35.69 139.69
7 35.69 139.69
8 35.69 139.69
9 35.69 139.69
10 35.69 139.69
11 47.3333 13.3333
12 35.7167 140.65
13 -5 120
14 33.8703 -117.9253
15 33.8768 -117.8931
16 35.685 139.7514
17 40.1656 -74.8219
18 38.7025 -9.2294
19 44.6067 -121.056
20 33.0169 -116.846
21 48.5217 -2.6088
22 35.9606 -83.9207
23 35.9606 -83.9207
24 35.9606 -83.9207
25 35.9606 -83.9207
26 35.9606 -83.9207
27 41.4748 1.9799
28 35.685 139.7514
29 40.4249 -86.9162
30 48.0761 7.7251
31 37.5636 22.8075
32 52 20
33 62 15
34 60.45 22.2833
35 62 15
36 62 15
37 62 15
38 61 14.55
39 51 9
40 61.9 6
41 49.75 15.5
42 60.6667 17.1667
43 46.4268 18.7825
44 55.7559 9.4258
45 70.0731 29.7697
46 70.0731 29.7697
47 70.0731 29.7697
48 70.0731 29.7697
49 49.1449 15.0025
50 50.3058 18.9742
51 54.4212 16.4097
52 53.8265 22.3654
53 35.685 139.7514
54 47.5 9.7667
55 40.8467 -74.2
