1 35.685 139.7514
2 45.6333 10.0167
3 52.5 5.75
4 35.685 139.7514
5 33.6119 -111.8906
6 43.2854 5.3761
7 41.5951 -85.7884
8 35.6892 138.6903
9 40.9 0.8
10 40.9 0.8
11 37.9963 -107.8805
12 33.2493 130.2988
13 40.5996 -80.2078
14 44.0979 -70.2312
15 38.5767 -92.1735
16 34.2521 -118.7843
17 46.6853 7.8472
18 42.2081 -70.775
19 30.1608 -85.625
20 30.1608 -85.625
21 50.75 11.9167
22 26.5881 127.9761
23 56.05 14.55
24 35.685 139.7514
25 35.7125 -88.7021
26 35.9298 -86.4605
27 35.9298 -86.4605
28 35.9298 -86.4605
29 47 8
30 43.1669 -76.0558
31 52.0186 4.3782
32 39.2513 -119.973
33 3.15 101.7667
34 51.55 7.2167
35 28.5445 -81.3706
36 35.9543 -93.9795
37 35.9543 -93.9795
38 40.8 -96.667
39 47.8 13.0333
40 47.7833 12.9667
41 44.3511 -74.1034
42 65 -18
43 64.15 -21.95
44 64.15 -21.95
45 40 -4
46 38.3462 -0.4877
47 57.1333 -2.1
48 64 26
49 42.3502 -3.6753
50 47.8 13.0333
51 54.8 9.3833
52 56.1365 40.3966
53 43.0463 -77.6892
54 41.7499 -77.3334
55 41.7499 -77.3334
