1 43.4665 -80.5023
2 51.3167 9.5
3 46.1956 6.1481
4 47.6482 9.1803
5 47.6482 9.1803
6 49.3 6.9333
7 43.4647 -3.8044
8 48 7.85
9 19.43 -99.13
10 33.0198 -96.6989
11 62 10
12 57.0007 -5.8205
13 44.1266 -72.6827
14 38.3433 -122.7041
15 42.8333 12.8333
16 41.3167 16.2833
17 48.1508 -1.6871
18 62.4333 22.1833
19 39.3 16.25
20 52.5 5.75
21 57.7167 11.9667
22 26.142 -81.7948
23 52.5167 13.4
24 50.7359 2.7359
25 48.9002 2.3095
26 48.86 2.35
27 42.1286 -87.9237
28 47.0833 8.2667
29 68.7019 15.4239
30 42.2167 14
31 47.8 13.0333
32 46.5765 -122.3343
33 53.7667 -2.7167
34 41.6362 -70.9342
35 47.6645 -122.5101
Not Found
37 34.7251 -83.5108
38 50.8333 9.0167
39 31.2232 -85.3905
40 34.2542 -110.0298
41 44.2788 -72.6171
42 35.685 139.7514
43 49.7833 -92.8333
44 35.685 139.7514
45 40.8 -96.667
46 51.2167 4.4167
47 51.2167 4.4167
48 51.2167 4.4167
49 51.2167 4.4167
50 51.2167 4.4167
51 51.2167 4.4167
52 45.4667 9.2
53 53.3331 -6.2489
54 40 -4
55 35.6009 -82.554
