1 41.7499 -77.3334
2 41.7499 -77.3334
3 41.7499 -77.3334
4 41.7499 -77.3334
5 51.5 -0.13
6 49.4478 11.0683
7 48 7.85
8 45.3349 -63.2375
9 35.685 139.7514
10 47.4831 9.6667
11 35.685 139.7514
12 45.5234 -122.6762
13 42.3765 -71.2356
14 43.0899 -77.6376
15 43.0899 -77.6376
16 43.7226 -72.1342
17 43.0899 -77.6376
18 22.1667 113.55
19 46.5333 6.6667
20 35.685 139.7514
21 38 -97
22 22.2833 114.15
23 44.0364 -123.0547
24 59.5833 15.25
25 35.69 139.69
26 45.3449 -84.915
27 33.941 -83.4341
28 40.4249 -86.9162
29 49.75 15.5
30 45.3 9.7667
31 39.2722 -86.6197
32 45.2846 -111.3683
33 45.3449 -84.915
34 45.3449 -84.915
35 43.0899 -77.6376
36 51 9
37 41.4867 -90.5725
38 47.75 -3.3667
39 44.7835 10.8788
40 39.7444 -83.7669
41 38.8312 -104.8082
42 42.8333 12.8333
43 44.2833 11.8833
44 64.15 -21.95
45 54.0667 9.9833
46 43.1098 -76.1995
47 51 9
48 34.0397 -118.7077
49 51.6333 -3.9667
50 59.4339 24.7281
51 37.7724 -3.7901
52 64.6167 16.65
53 62 15
54 38.7023 -106.9402
55 52.2316 11.0018
