1 26.7153 -80.0534
2 58.5 5.7833
3 58.5 5.7833
4 39 22
5 39 22
6 52.5 -1.9667
7 43.7396 -83.3934
8 58.35 11.25
9 39.1668 -84.5382
10 39.1668 -84.5382
11 44.1733 -69.1248
12 37.4178 -122.172
13 34.6913 135.183
14 68.75 17.8
15 38.1169 -86.9115
16 42.7284 -73.6918
17 42.3751 -71.1056
18 43.5932 -70.2382
19 38.9266 -77.3936
20 35.3231 139.3422
21 42.1251 -72.7495
22 51.05 13.75
23 51.3167 9.5
24 41.9474 -87.7037
25 50.8667 3.1667
26 41.6123 -73.4121
27 49.8706 8.6494
28 35.685 139.7514
29 47 8
30 49.2913 17.7309
31 50 8.2711
32 33.3528 -111.789
33 44.6609 -74.9258
34 51.5 -0.13
35 65.85 23.1333
36 46.1107 -118.3077
37 35.685 139.7514
38 35.685 139.7514
39 59.3667 13.5
40 49.4216 26.9965
41 65.3333 21.5
42 39.2904 -76.6122
43 42.2159 -70.8793
44 47.4891 -122.2908
45 42.5051 -71.2047
46 43.7098 -87.7478
47 34.0667 134.5667
48 62.8333 21.4167
49 59 26
50 35.685 139.7514
51 35.685 139.7514
52 21.4116 -158.0183
53 35.685 139.7514
54 35.685 139.7514
55 35.685 139.7514
