1 41.7814 -72.7544
2 62.2833 21.3833
3 43.9 12.9167
4 43.4464 -76.3971
5 58.9333 11.1833
6 64.6167 16.65
7 64.6167 16.65
8 43.8988 -69.9725
9 39.7444 -83.7669
10 61.25 73.4167
11 51 9
12 38.9376 -77.0928
13 45.1715 5.7224
14 52.5 5.75
15 35.3911 136.7222
16 29.6939 -95.5261
17 48.2028 16.5508
18 53.55 10
19 49.4958 5.9806
20 54.5667 9.2167
21 49.7336 2.2555
22 44.6609 -74.9258
Not Found
24 42.0334 -88.0834
25 37.2906 -80.1014
26 61.7667 6.2167
27 52.0833 4.3
28 25.2582 55.3047
29 51.5 -0.13
30 38.881 -77.1043
31 51 9
32 41.4362 -81.3865
33 58.9667 5.75
34 51.7002 5.3068
35 51 9
36 38 -97
37 52.4167 -1.55
38 35.69 139.69
39 42.8333 12.8333
40 40.8333 14.25
41 48.8333 12.9667
42 33.3151 -86.756
43 46.9896 3.159
44 43.359 -2.6664
45 47.3667 8.55
46 49.75 15.5
47 45.1715 5.7224
48 32.2338 -110.95
49 48.6667 9.65
50 51 9
51 38.8462 -77.3064
52 35.69 139.69
53 41.9 12.4833
54 51.5 -0.13
55 48.3167 13.5833
