1 41.1468 -73.4948
2 37.7749 -122.4194
3 41.999 -87.822
4 34.1511 -118.4493
5 40.2021 -74.012
6 38.8966 -121.0769
7 27.9475 -82.4584
8 54.3608 18.6583
9 55.7522 37.6156
10 48.86 2.35
11 48.86 2.35
12 45.45 11
13 44.2617 12.3589
14 48.95 12.75
15 30.246 -87.7008
16 34.0667 136.2
17 33.6064 130.4181
18 1.2931 103.8558
19 35.1802 136.9067
20 37.05 136.9667
21 35.685 139.7514
22 -37.8333 145
23 35.685 139.7514
24 35.6594 139.8533
25 37.57 126.98
26 41.4396 -72.0609
27 41.4396 -72.0609
28 41.4396 -72.0609
29 41.4396 -72.0609
30 41.4396 -72.0609
31 41.4396 -72.0609
32 41.4396 -72.0609
33 41.4396 -72.0609
34 41.4396 -72.0609
35 41.4396 -72.0609
36 41.4396 -72.0609
37 41.4396 -72.0609
38 41.4396 -72.0609
39 41.4396 -72.0609
40 41.4396 -72.0609
41 41.4396 -72.0609
42 41.4396 -72.0609
43 41.4396 -72.0609
44 41.4396 -72.0609
45 41.4396 -72.0609
46 41.4396 -72.0609
47 41.4396 -72.0609
48 41.4396 -72.0609
49 41.4396 -72.0609
50 42.4547 -71.1502
51 42.4547 -71.1502
52 42.4547 -71.1502
53 42.4547 -71.1502
55 42.4547 -71.1502
1 42.4547 -71.1502
2 41.0534 -73.5387
3 41.0534 -73.5387
4 41.0534 -73.5387
5 41.0534 -73.5387
6 41.0534 -73.5387
7 41.0534 -73.5387
8 38.8185 -121.2819
9 37.0941 -86.4286
10 34.6864 135.52
11 34.6864 135.52
12 34.6864 135.52
13 34.6864 135.52
14 34.7667 138.0167
15 12.9833 77.5833
16 35.685 139.7514
17 35.7167 140.65
18 33.9526 -84.5499
19 35.685 139.7514
Not Found
22 35.685 139.7514
23 35.685 139.7514
24 35.685 139.7514
25 35.685 139.7514
26 35.685 139.7514
27 35.685 139.7514
28 35.685 139.7514
34 40.3756 -74.6597
37 42.1827 -80.0649
38 40.7849 -77.847
41 43.1548 -77.6156
51 37.5538 -77.4603
52 37.5538 -77.4603
53 37.5538 -77.4603
54 37.5538 -77.4603
55 37.5538 -77.4603
1 37.5538 -77.4603
2 37.2669 -80.4325
3 37.2669 -80.4325
5 39.5645 -75.597
8 44.5642 -123.279
11 42.3451 -71.0993
12 42.3451 -71.0993
16 60.1756 24.9342
17 44.0364 -123.0547
18 44.0364 -123.0547
19 44.0364 -123.0547
21 42.4485 -76.4804
22 59.9167 10.75
23 62 10
24 33.749 -84.388
25 33.749 -84.388
26 39.0012 -76.9317
27 38.9807 -76.9369
28 38.8336 -76.8777
30 39.1023 -96.5246
32 35.2086 -97.4445
33 35.2086 -97.4445
34 35.2086 -97.4445
35 35.2086 -97.4445
36 25.72 -80.2707
37 25.72 -80.2707
41 39.1623 -76.5776
43 41.5074 -81.6053
44 63.4167 10.4167
45 33.9937 -81.0199
46 33.9937 -81.0199
48 35.3471 -120.4553
49 35.3471 -120.4553
50 35.3471 -120.4553
51 35.3471 -120.4553
52 35.3471 -120.4553
53 39.2499 -86.4555
54 43.0389 -87.9065
55 40.8 -96.667
1 44.231 -76.4791
2 49.849 -97.1497
3 35.9543 -93.9795
4 35.9543 -93.9795
7 52.2195 6.8912
8 52.2195 6.8912
13 41.17 -81.1966
14 41.4773 -71.5208
15 41.4773 -71.5208
16 41.4773 -71.5208
17 48.2 16.3667
18 48.2 16.3667
19 51.45 5.4667
20 51.8333 5.8667
22 41.8784 -87.6852
23 32.5782 -85.349
24 32.5782 -85.349
25 32.5782 -85.349
27 28.0631 -82.4128
28 28.0631 -82.4128
29 33.7516 -84.3915
30 35.3471 -120.4553
31 20.8999 -156.5389
32 20.8999 -156.5389
33 39.3031 -82.0828
34 35.69 139.69
35 46.2718 -96.6081
36 50.7708 6.1053
38 44.9679 -93.0884
39 44.9679 -93.0884
40 44.9679 -93.0884
41 44.9679 -93.0884
42 44.9679 -93.0884
43 47.6667 9.1833
44 47.7537 -122.6123
49 51.0591 -114.1146
50 51.0591 -114.1146
51 51.0591 -114.1146
52 40.6963 -89.6166
53 42.9197 -78.8779
54 46.8464 -96.7451
55 32.8807 -117.2359
1 32.8807 -117.2359
2 32.8807 -117.2359
3 41.7583 -74.0657
4 42.4867 -75.0397
6 64.8378 -147.7164
7 42.7812 -77.7778
10 33.7529 -116.0556
11 33.7529 -116.0556
13 25.0392 121.525
14 25.0392 121.525
15 25.0392 121.525
16 25.0392 121.525
17 25.0392 121.525
18 47.6606 -122.2919
20 48.7395 -122.4809
22 42.2923 -83.7145
23 42.2923 -83.7145
24 42.2923 -83.7145
26 42.2923 -83.7145
27 42.2923 -83.7145
28 42.2923 -83.7145
29 35.2017 -89.9715
30 42.408 -79.3241
31 50.6833 10.9
32 48.8833 8.7
33 51.5 12
34 48.3167 10.0667
35 48.7667 9.1833
38 48.4488 -123.3501
39 44.8471 -92.0009
40 37.8015 -79.5123
41 37.8015 -79.5123
42 40.64 -79.1294
43 48.8667 2.3333
44 48.8667 2.3333
46 41.8089 -88.0112
47 41.8089 -88.0112
48 41.8089 -88.0112
49 41.8089 -88.0112
50 41.8089 -88.0112
51 41.8089 -88.0112
52 41.8089 -88.0112
53 41.8089 -88.0112
54 41.8089 -88.0112
4 44.9759 -93.2166
5 58.5813 -134.7698
6 -33.45 -70.6667
10 40.6963 -73.6207
11 35.8493 -90.6793
12 41.1412 -73.2637
13 41.1412 -73.2637
14 19.4342 -99.1386
15 19.4342 -99.1386
16 42.9742 -85.9311
17 42.9742 -85.9311
18 42.9742 -85.9311
20 42.9742 -85.9311
24 42.3896 -72.4534
25 42.3896 -72.4534
26 41.7779 -72.7032
27 39.7851 -86.1665
28 39.7851 -86.1665
30 42.8175 -75.5483
31 42.8175 -75.5483
32 42.2541 -77.7907
33 42.2541 -77.7907
34 42.2541 -77.7907
36 37.3824 -5.9761
37 37.3824 -5.9761
38 37.3824 -5.9761
39 43.7667 11.25
40 35.69 139.69
41 36.2213 -81.7134
43 35.7463 -78.7239
44 35.7463 -78.7239
45 35.7463 -78.7239
46 47.0662 -122.1132
47 34.6972 -79.1683
48 36.0525 -79.1077
49 36.0525 -79.1077
50 36.0525 -79.1077
51 36.0525 -79.1077
52 36.0525 -79.1077
53 35.2521 -83.1871
54 35.2521 -83.1871
1 -36.8333 -73.05
2 42.9294 -85.5456
7 42.3451 -71.0993
8 42.3451 -71.0993
9 43.0606 -88.0981
10 64.3155 -22.088
11 64.15 -21.95
14 64.15 -21.95
15 64.15 -21.95
16 64.15 -21.95
17 64.15 -21.95
18 64.15 -21.95
19 65 -18
20 65 -18
21 65 -18
22 41.6552 -4.7237
23 49.2167 18.7333
24 55.7522 37.6156
27 62 10
28 36.5658 139.8836
29 36.1866 -86.7852
30 35.9606 -83.9207
31 36.7593 -3.9525
32 36.7593 -3.9525
34 30.6535 -97.5828
36 43.359 -2.6664
37 43.359 -2.6664
40 51.75 -1.25
41 40.4086 -3.6922
42 37.57 126.98
43 25.0392 121.525
44 40.8176 -96.7114
45 41.6815 -87.9706
46 41.6815 -87.9706
47 41.7351 -88.0447
48 40.5516 -74.4637
49 40.5032 -74.4289
50 38 -97
51 38 -97
52 38 -97
53 38 -97
54 38 -97
55 38 -97
1 38 -97
2 38 -97
3 32.2179 -110.9686
4 32.2179 -110.9686
5 35.2334 -106.6645
6 -34.5875 -58.6725
7 -34.5875 -58.6725
8 27.9475 -82.4584
9 33.7866 -118.2987
10 38.4829 -121.6398
11 36.175 -115.1372
12 48.8645 -122.6307
13 47.6062 -122.3321
14 47.6062 -122.3321
15 29.7633 -95.3633
16 32.0835 -81.0998
17 32.0835 -81.0998
18 27.6386 -80.3973
19 37.7563 -77.4888
20 37.7563 -77.4888
21 42.4586 -71.3597
22 38.5816 -121.4944
23 38.5891 -121.3027
24 47.6062 -122.3321
25 26.6217 -81.8406
26 26.6217 -81.8406
27 42.2793 -71.4162
28 45.5234 -122.6762
29 45.4763 -122.6408
30 37.8591 -122.4852
31 39.5846 -107.3016
32 32.7766 -79.9309
33 32.7766 -79.9309
34 41.9125 -88.1348
35 32.7208 -97.1626
36 34.1867 -118.449
37 37.8313 -122.2853
38 39.8571 -83.8313
39 30.6327 -97.6772
40 36.1659 -86.7844
41 33.8353 -117.9145
42 33.8353 -117.9145
43 33.8353 -117.9145
44 41.85 -87.65
45 38.7521 -121.288
46 38 -97
47 37.5629 -97.2285
48 52 20
49 48.15 11.5833
51 47.3667 8.55
52 46.9167 7.4667
53 47.9445 -91.7717
54 30.2835 -86.0305
55 32.7153 -117.1573
1 12.1508 -86.2683
2 -0.2167 -78.5
3 42.2003 2.1905
4 59.8944 30.2642
5 59.8944 30.2642
6 59.8944 30.2642
7 55.6667 12.5833
8 52.5 5.75
9 52.5 5.75
10 52.5 5.75
11 48.25 15.5667
12 47.3667 11.7167
13 4.6492 -74.0628
14 -32.8908 -68.8272
15 -12.2833 -66.25
16 -12.2833 -66.25
17 -12.2833 -66.25
18 -34.4833 -58.5167
19 -12.05 -77.05
20 6.2518 -75.5636
21 4.6492 -74.0628
22 31.8969 34.8186
23 62 15
25 48.8222 2.1221
26 41.7653 -88.377
27 35.2086 -97.4445
28 35.1495 -90.049
29 38 -97
30 38 -97
31 38 -97
32 38 -97
33 38 -97
34 38 -97
35 38 -97
36 38 -97
37 38 -97
38 38 -97
39 38 -97
40 38 -97
41 38 -97
42 38 -97
43 38 -97
44 38 -97
45 38 -97
46 38 -97
47 38 -97
48 38 -97
49 38 -97
50 38 -97
51 38 -97
52 38 -97
53 38 -97
54 38 -97
55 38 -97
1 38 -97
2 38 -97
3 38 -97
4 38 -97
5 38 -97
6 38 -97
7 38 -97
8 38 -97
9 38 -97
10 38 -97
11 38 -97
12 38 -97
13 38 -97
14 38 -97
15 38 -97
16 38 -97
17 38 -97
18 43.6885 -79.7616
20 50.7593 25.3424
21 46.8575 7.2503
22 46.8575 7.2503
23 46.8575 7.2503
26 50.7167 8.05
27 61.4833 21.7833
28 48.4167 15.6
29 52.5 5.75
30 53.8667 10.7
31 64 26
32 50.8333 4
34 62 10
35 41.9 12.4833
36 44.0633 12.5808
37 59.9167 10.75
38 62 10
39 60.1 10.1
40 59.9167 10.75
41 62 10
42 62 10
43 47.9 20.3833
44 47.9 20.3833
45 46 25
46 48.86 2.35
47 48.86 2.35
48 48.86 2.35
49 59 26
51 59 26
52 59.4339 24.7281
53 67.85 20.2167
54 67.85 20.2167
1 48.1 20.7833
2 51.4067 -3.2694
3 47.15 8.0031
4 47.2812 8.4535
5 47.0472 8.3695
6 46 15
7 46.0553 14.5144
8 47 8
10 64.5468 -21.9143
11 59.4339 24.7281
12 47.4167 16.0167
13 47.4167 16.0167
14 47.4167 16.0167
15 47.4167 16.0167
17 65.8333 24.1333
19 66.3833 23.6667
20 64.15 -21.95
21 63.8333 20.25
22 51.6667 -1.2833
23 59.05 12.7
26 47.3333 13.3333
27 55.0702 9.3164
28 55.0702 9.3164
29 60.2 12
30 48.86 2.35
32 56.8833 16.65
34 56.8833 16.65
35 56.8833 16.65
37 51.05 12.3667
40 47.7 -2
41 52.5 5.75
42 62 15
43 52.4167 -1.55
44 50.8333 4.3333
45 51.45 7.5667
47 41.9 12.4833
49 49.2167 17.6667
50 37.9833 23.7333
52 63.35 23.15
54 46 25
55 51.2799 0.5342
1 62 15
4 52.2086 18.2541
6 62.5667 7.7
7 62.5667 7.7
8 50.4333 30.5167
10 59.3333 14.5167
11 47.5333 16.4333
12 62.2333 25.7333
13 52.4167 12.55
14 49.4414 11.8622
15 49.4414 11.8622
16 51 9
17 36.5236 -5.0463
18 40 -4
19 40 -4
20 40 -4
22 47.8 13.0333
24 53.55 10
25 53 -8
27 63.1833 14.65
29 63.1833 14.65
30 37.8668 -122.2536
31 44.98 -93.2638
35 38 -97
37 30.7587 -103.9249
38 45.9005 -119.339
40 38 -97
41 38 -97
43 27.7969 -82.607
44 26.55 -77.05
45 34.2133 -118.88
46 39.3749 -119.2653
47 42.0334 -88.0834
50 34.8889 -81.0237
51 41.9705 -70.7014
52 6.2518 -75.5636
53 -23.4733 -46.6658
54 -23.4733 -46.6658
55 20.3336 -101.4764
1 4 -72
2 4 -72
3 -1.05 -80.45
4 19.43 -99.13
5 19.43 -99.13
6 10 -84
7 10.635 -85.4377
8 35.05 134
9 34.6617 133.935
10 34.6617 133.935
11 34.6617 133.935
12 34.6617 133.935
13 34.6617 133.935
14 34.6617 133.935
15 34.6617 133.935
16 34.6617 133.935
17 34.6617 133.935
18 34.6617 133.935
19 34.6617 133.935
20 34.6617 133.935
21 34.6617 133.935
22 34.6617 133.935
23 34.6617 133.935
24 34.6617 133.935
25 34.6617 133.935
26 34.6617 133.935
27 34.6617 133.935
28 34.6617 133.935
29 -5 120
30 35.69 139.69
31 35.69 139.69
32 34.6913 135.183
33 34.8 135.6333
36 35.69 139.69
38 35.685 139.7514
39 36.5271 138.0894
40 35.69 139.69
41 35.69 139.69
42 35.69 139.69
43 35.69 139.69
44 34.9167 137.15
45 -37.6861 176.1667
47 35.69 139.69
48 35.69 139.69
49 36.0667 136.2167
50 34.9769 138.3831
51 38.7023 -106.9402
52 40.2398 -76.92
53 40.015 -105.2706
55 43.5872 -91.6241
1 43.5872 -91.6241
2 43.6519 -79.3874
3 37.5521 -109.4821
4 40.7649 -111.8434
5 41.2471 -112.1316
6 41.335 -111.7945
7 36.2077 -119.3473
8 36.2077 -119.3473
9 45.6373 -121.9712
10 45.6373 -121.9712
11 38 -97
12 45.9535 -66.6704
13 45.9535 -66.6704
14 44.9591 -89.6301
15 36.3198 -82.3202
16 36.3198 -82.3202
17 14 -61
18 39.5398 -119.7386
19 39.0152 -119.7506
20 36.1201 -115.0877
21 36.1201 -115.0877
24 40.5757 -112.3346
25 40.5757 -112.3346
26 41.1216 -118.0537
27 41.1216 -118.0537
30 47.6476 -122.5364
31 47.6476 -122.5364
32 33.4484 -112.074
33 42.7945 -88.3994
34 39.3027 -91.5064
35 46.1247 -123.6765
36 35.0845 -106.6511
37 35.0845 -106.6511
39 34.7744 -106.7274
41 50.0667 -124.9833
42 39.7684 -86.158
43 37.4231 -76.3175
44 44.8096 -85.5707
46 40.7143 -74.006
48 40.7608 -111.8911
49 42.6548 -77.3833
50 42.8251 -73.6991
51 40.3245 -111.9618
52 43.5932 -70.2382
53 40.3631 -78.6448
54 40.3631 -78.6448
55 40.3631 -78.6448
1 40.3631 -78.6448
2 40.3631 -78.6448
3 40.3631 -78.6448
4 40.3631 -78.6448
5 40.3631 -78.6448
6 40.3631 -78.6448
7 40.3631 -78.6448
8 39.9492 -77.325
9 40.0024 -75.3008
10 46.4518 -122.7656
13 44.52 -79.99
14 44.52 -79.99
16 30.2672 -97.7431
17 18.3333 -64.8333
18 44.3867 -123.1173
19 44.3867 -123.1173
20 36.5033 -87.2294
21 47.6104 -122.2007
22 38 -97
23 40.3986 -84.6341
24 47.6573 -111.3805
25 60 -95
26 60 -95
27 60 -95
28 60 -95
29 37.6363 -108.3015
30 37.6363 -108.3015
31 47.7948 -124.2643
32 34.5794 -118.1165
34 39.7589 -84.1916
35 39.7684 -86.158
36 39.7684 -86.158
37 42.9603 -77.9779
38 36.0679 -86.7194
39 34.9667 136.6167
40 35.69 139.69
41 35.6047 140.1233
43 31.9111 131.4239
44 35.69 139.69
45 35.69 139.69
46 35.69 139.69
47 35.69 139.69
48 35.69 139.69
49 35.69 139.69
50 35.69 139.69
51 35.69 139.69
52 35.69 139.69
53 35.69 139.69
54 35.69 139.69
55 35.69 139.69
1 35.69 139.69
2 35.69 139.69
3 35.69 139.69
5 35.69 139.69
6 35.685 139.7514
7 35.685 139.7514
8 35.69 139.69
9 33.2493 130.2988
10 35.69 139.69
11 35.69 139.69
12 35.69 139.69
13 35.69 139.69
14 23.5 121
15 35.69 139.69
16 35.3471 -120.4553
17 35.69 139.69
18 35.69 139.69
19 35.69 139.69
20 35.69 139.69
21 35.69 139.69
22 35.69 139.69
23 35.69 139.69
24 35.69 139.69
25 31.0456 121.3997
26 35.69 139.69
27 23.5 121
29 35.685 139.7514
30 25.0392 121.525
31 35.69 139.69
32 47.1985 7.5884
33 56 10
34 47.0667 15.5833
36 41.798 1.9543
37 52.35 4.9167
39 40 -4
40 40 -4
41 47 8
42 56.8981 12.5019
43 41.3984 2.1741
45 37.2714 -6.9495
46 40 -4
47 49.75 6.6333
48 56.4977 84.9744
49 44 21
50 64 26
51 66.3167 22.8333
53 47.5 19.0833
54 46.3667 17.8
1 47.2881 8.6122
2 64.15 -21.95
3 48.3 14.3
4 51.6 7.6667
5 47 8
6 47 8
8 55.7522 37.6156
10 55.7522 37.6156
11 60 100
12 48.2 12.15
15 56.9675 23.1567
16 47.3333 13.3333
17 49.5417 15.3559
18 49.5417 15.3559
19 49.75 15.5
20 45.1667 15.5
21 49.1833 -2.1
22 52.2667 8.05
23 49.7548 12.9955
24 50.1474 15.1187
25 52.2911 45.809
26 52.2911 45.809
27 52.2911 45.809
28 52.2911 45.809
29 52.2911 45.809
30 52.2911 45.809
31 52.2911 45.809
32 51.2667 1.0833
33 53.0578 -0.7784
34 51.5 -0.13
35 48.2 16.3667
36 47.2313 39.7233
37 48.9167 8.5
38 45.1667 15.5
39 47.2667 12.4833
40 49.5983 18.0124
41 47.1 21.2167
42 46.6833 21.1
43 62 15
45 45.45 11
46 47.5333 14.8833
47 48.3833 13.5833
48 46 25
49 49 32
50 51 9
51 64.0036 -22.559
52 53.7799 20.4942
53 59.4833 18.3
54 47.5212 7.6884
55 47.3667 8.55
2 47 8
5 65.85 24.1833
6 65.85 24.1833
7 46.1046 7.0768
8 46.3105 6.9011
9 46.3105 6.9011
10 50.4833 7.6
11 48.2 16.3667
12 49.4811 8.4353
13 60 100
14 46 15
16 66.6833 24.4
17 66.6833 24.4
18 66.6833 24.4
19 66.6833 24.4
20 66.6833 24.4
21 66.6833 24.4
22 66.6833 24.4
23 66.6833 24.4
24 47 8
25 47 8
26 47 8
27 47 8
30 59.4339 24.7281
31 47 8
32 48.15 11.5833
33 50.3964 -4.1386
34 50.3041 19.0358
35 41.3984 2.1741
36 41.4471 2.2448
37 41.9844 2.8211
38 38 -97
39 34.8526 -82.394
40 48.4 -71.6833
42 53.55 -113.5
43 45.2846 -111.3683
44 33.6891 -78.8867
45 45.4741 -76.6915
46 43.1009 -75.2327
47 43.1009 -75.2327
48 44.5667 -80.85
49 41.5375 -84.301
50 48.1958 -114.3129
51 40.8057 -96.4251
52 30.4066 -87.6836
53 30.2514 -87.6828
54 30.4066 -87.6836
55 36.6355 -88.283
2 38.1169 -86.9115
3 37.9969 -84.7466
4 37.9969 -84.7466
5 41.9923 -103.6328
6 34.0247 -84.5033
7 34.0245 -78.2942
8 33.9732 -78.3858
9 47 8
10 47 8
11 52.35 4.9167
12 52.35 4.9167
13 52.35 4.9167
14 52.35 4.9167
15 52.35 4.9167
16 43.1848 -2.4738
17 41.9844 2.8211
18 48.86 2.35
19 48.86 2.35
20 48.86 2.35
21 48.86 2.35
22 42.8333 12.8333
23 42.8333 12.8333
24 50.0061 20.9553
25 52.5 5.75
26 53.4395 14.5939
27 51.5 -0.13
28 47.4422 8.6729
30 61.1833 6.6333
32 47 8
34 48.2 16.3667
36 49.3613 17.3676
37 55.6 13
40 50.25 10.9667
41 50.25 10.9667
42 51.5 -0.13
44 51.5 -0.13
45 54.3333 10.1333
46 55.7522 37.6156
47 46.8568 9.5269
48 46.8568 9.5269
49 51 9
50 51 9
51 57.1 12.25
53 51 9
54 51 9
55 51 9
1 51 9
2 51 9
3 51 9
4 51 9
5 51 9
6 51 9
7 51 9
8 51 9
10 51 9
11 51 9
12 51 9
13 51 9
14 51 9
15 48.55 9.3667
16 51 9
18 35.69 139.69
19 34.9667 136.6167
20 35.7167 140.65
22 35.69 139.69
23 35.685 139.7514
24 35.685 139.7514
27 35.69 139.69
28 35.69 139.69
29 35.69 139.69
30 35.69 139.69
31 35.69 139.69
32 35.69 139.69
33 35.69 139.69
35 35.69 139.69
36 43.05 141.3667
37 35.4478 139.6425
38 34.6667 135.5
39 34.6667 135.5
40 35.69 139.69
41 35.685 139.7514
42 35.685 139.7514
43 35.685 139.7514
45 35.685 139.7514
46 35.685 139.7514
47 35.69 139.69
51 36.6953 137.2114
52 35.685 139.7514
54 35.7061 139.5594
55 35.685 139.7514
1 35.685 139.7514
2 25.0392 121.525
3 35.7167 140.65
4 35.7167 140.65
5 35.7167 140.65
6 35.7167 140.65
7 35.5833 139.765
8 35.69 139.69
9 35.69 139.69
10 36.85 138.3667
12 35.5167 137.8333
13 35.69 139.69
14 35.69 139.69
15 35.69 139.69
16 35.69 139.69
17 35.69 139.69
18 35.69 139.69
19 35.69 139.69
20 35.69 139.69
21 35.69 139.69
22 35.69 139.69
23 35.69 139.69
24 35.69 139.69
25 35.69 139.69
26 35.69 139.69
27 35.69 139.69
29 35.685 139.7514
30 35.685 139.7514
31 35.685 139.7514
32 35.685 139.7514
33 35.685 139.7514
34 35.685 139.7514
35 35.685 139.7514
36 38.8951 -77.0364
37 43.8929 -71.6759
38 48.8471 -123.2928
39 36.0625 -115.3192
41 45.5321 -76.0116
42 45.5321 -76.0116
43 31.9974 -102.0779
44 34.2257 -77.9447
45 34.1422 -81.2047
46 28.1764 -82.5954
47 27.7709 -82.6793
48 26.2159 -98.3253
49 29.6195 -100.8089
50 34.2257 -77.9447
51 39.1093 -84.6209
53 46.6288 -87.4796
54 45.5234 -122.6762
55 44.65 -63.6
1 44.5032 -64.2221
2 28.0145 -82.6923
3 38.8048 -77.0469
4 40.7143 -74.006
5 43.7516 -70.2793
6 43.5416 -70.4687
8 35.0751 -83.2101
9 39.6291 -77.7128
10 37.3211 -79.5274
11 40.1125 -88.2426
12 28.0222 -81.7329
13 44.7189 -67.7349
14 43.8172 -70.1783
15 48.86 2.35
16 56.5759 32.7124
18 47 8
19 36.8333 -2.45
20 53.5167 -113.3167
21 40.0153 -105.1076
22 39.9348 -75.0307
23 42.3584 -71.0598
24 35.685 139.7514
25 25.0392 121.525
26 24.1433 120.6814
27 37.57 126.98
28 23.5 121
29 35.685 139.7514
30 34.6864 135.52
31 34.6864 135.52
32 34.6864 135.52
33 34.6864 135.52
34 25.0392 121.525
35 22.6333 120.35
36 23.5 121
37 23.5 121
38 24.9869 121.3056
39 35.685 139.7514
40 35.685 139.7514
41 35.685 139.7514
42 35.685 139.7514
43 35.685 139.7514
44 35.685 139.7514
45 35.685 139.7514
46 35.685 139.7514
47 35.685 139.7514
48 35.685 139.7514
49 35.685 139.7514
50 35.685 139.7514
51 35.685 139.7514
52 35.685 139.7514
53 35.685 139.7514
54 3.0167 101.6167
55 34.6667 135.5
1 35.35 136.6167
2 35.69 139.69
3 35.8203 139.8044
4 35.69 139.69
5 35.685 139.7514
6 35.685 139.7514
7 35.685 139.7514
8 33.3167 130.5167
9 35.69 139.69
10 35.69 139.69
11 35.69 139.69
12 35.69 139.69
13 35.69 139.69
14 35.69 139.69
15 35.69 139.69
16 35.69 139.69
17 35.9667 138.4833
18 35.69 139.69
19 35.69 139.69
20 35.69 139.69
21 35.69 139.69
22 35.69 139.69
23 35.69 139.69
24 35.69 139.69
25 35.69 139.69
26 35.69 139.69
27 35.69 139.69
28 35.69 139.69
29 35.69 139.69
30 35.69 139.69
31 35.69 139.69
32 35.685 139.7514
33 35.685 139.7514
35 13.754 100.5014
36 33.4425 129.9697
37 33.4425 129.9697
39 33.4425 129.9697
40 33.4425 129.9697
41 33.4425 129.9697
42 33.4425 129.9697
43 33.4425 129.9697
44 33.4425 129.9697
45 59.9167 10.75
46 59.9167 10.75
47 54.1936 16.1849
48 54.1936 16.1849
49 61.35 16.3667
51 55.7522 37.6156
52 53.062 5.6779
53 52.5167 13.4
54 64 26
55 48.86 2.35
2 48.86 2.35
4 48.86 2.35
5 48.86 2.35
6 59.8944 30.2642
7 50.6466 13.8401
8 50.6466 13.8401
9 47 8
10 47 8
11 47 8
12 47 8
13 47 8
15 52.5 5.75
16 47.4705 8.3164
17 47.4947 8.2535
18 51.5 -0.13
19 51.5 -0.13
22 48.2 15.6333
23 48.0833 16.2333
25 48.4 13.7667
26 43.5833 11.3167
27 43.5833 11.3167
28 43.5833 11.3167
29 69.6667 18.9667
30 69.6667 18.9667
31 48.1167 14.8667
32 48.1167 14.8667
33 60.2394 5.7539
34 60.2394 5.7539
35 43.2609 -2.9388
36 38.9887 -87.7452
37 39.0396 -87.1565
38 39.3579 -87.4245
39 39.3579 -87.4245
41 38.0027 -89.2479
42 48.2205 -119.4552
43 33.4484 -112.074
44 33.5092 -111.899
45 44.9444 -93.0933
46 32.2217 -110.9265
47 42.0083 -91.6441
48 49.25 -123.1333
49 37.4033 -119.6138
50 45.02 -75.6456
51 32.2217 -110.9265
52 48.5372 -123.0679
53 48.5372 -123.0679
54 48.5372 -123.0679
55 44.98 -93.2638
1 28.6366 -96.8927
2 38.9822 -80.2008
3 48.5078 -120.3362
4 25.0833 -77.35
5 41.0246 -80.6697
6 41.5236 -90.5776
7 43.9786 -75.9004
8 40.8424 -91.1073
9 43.857 -70.1031
10 32.9537 -96.8903
12 34.1207 -84.0044
14 61.6092 -148.4657
15 39.6428 -84.2866
17 43.0481 -76.1474
18 43.0481 -76.1474
19 26.1788 -98.3595
21 39.4015 -76.6019
22 32.7831 -96.8067
23 39.162 -84.4569
24 42.1013 -103.7625
25 36.429 -77.7247
26 36.7473 -95.9808
27 43.2572 -77.6682
28 61.1886 -149.8878
29 39.3454 -102.2561
30 37.5483 -121.9886
31 38 -97
32 38 -97
33 37.9577 -121.2908
34 38.6273 -90.1979
35 28.0781 -82.7637
36 36.8541 -94.399
37 37.7749 -122.4194
38 38.8048 -77.0469
39 43.1184 -89.5207
40 32.2217 -110.9265
42 21.977 -159.3911
43 35.4656 -94.199
44 41.3452 -72.1088
45 32.7831 -96.8067
46 43.0693 -96.7959
47 42.0464 -84.7725
48 38.2691 -88.8044
49 39.746 -75.5466
50 40.6461 -111.498
53 35.9132 -79.0558
54 39.6691 -84.0902
55 40.7143 -74.006
1 39.2951 -81.4773
2 28.7466 -97.0165
3 38 -97
4 38.693 -121.6812
5 38 -97
6 38.496 -105.0535
7 34.1839 -117.0835
8 38.1498 -120.4546
9 31.9974 -102.0779
10 37.9887 -92.7536
11 45.5234 -122.6762
12 31.5017 -111.0688
13 32.7734 -94.9889
14 37.2906 -80.1014
15 38.8339 -104.8214
17 21.3136 -157.8057
18 34.0522 -118.2437
19 21.3136 -157.8057
20 21.3136 -157.8057
21 21.3136 -157.8057
22 20.8783 -156.6825
23 46.4436 -119.9189
24 30.7196 -86.0444
25 28.4769 -82.5255
26 26.1595 -97.9908
27 37.6922 -97.3375
29 46.2112 -119.1372
30 46.2112 -119.1372
31 46.2112 -119.1372
32 46.2112 -119.1372
33 46.0143 -91.2901
34 51.0833 -114.0833
35 32.0835 -81.0998
37 35.064 -92.3802
38 35.0718 -81.6498
39 44.1308 -94
40 38.8048 -77.0469
41 38 -97
42 40.6945 -74.269
43 36.7967 -119.9295
44 26.3398 -81.7787
45 48.6541 -112.8422
46 38.6089 -90.2148
47 37.7749 -122.4194
48 45.0293 -70.2579
49 42.2734 -83.7133
50 38.7967 -76.0489
51 34.0522 -118.2437
52 39.3433 -77.5739
53 33.4484 -112.074
54 33.4484 -112.074
2 35.812 -77.0488
3 45.5 -73.5833
4 35.8191 -96.3897
5 33.8181 -84.3604
6 33.8181 -84.3604
7 35.1495 -90.049
8 29.7211 -83.466
10 42.4281 -71.0546
11 46.7667 -56.1833
12 43.1474 -95.1425
13 39.889 -84.2296
14 50.2833 -107.7667
15 38.8951 -77.0364
16 38.8951 -77.0364
17 37.3394 -121.895
18 39.9523 -75.1638
19 37.8044 -122.2708
20 37.8044 -122.2708
21 37.8044 -122.2708
22 37.8044 -122.2708
23 39.006 -77.1025
24 44.4759 -73.2121
25 37.2555 -121.9245
26 38 -97
27 43.9292 -123.0867
28 42.3479 -87.8671
29 37.129 -84.0833
30 33.4484 -112.074
31 33.4484 -112.074
32 33.4484 -112.074
33 33.4484 -112.074
34 33.4484 -112.074
35 42.8666 -106.3131
36 30.2672 -97.7431
37 44.9729 -93.2873
38 32.7831 -96.8067
39 32.7831 -96.8067
40 32.7831 -96.8067
42 26.1223 -80.1434
43 44.7986 -67.5424
44 40.7236 -79.8354
45 29.0964 -81.0878
47 41.6639 -83.5552
48 41.6639 -83.5552
50 43.493 -109.6436
51 43.707 -80.3777
52 42.8864 -78.8784
53 31.8692 -101.9727
54 31.8692 -101.9727
55 32.3046 -102.6379
1 32.3046 -102.6379
2 32.3046 -102.6379
3 44.2855 -68.5727
4 40.2787 -74.3683
5 40.2787 -74.3683
6 41.2835 -70.0995
7 38.2542 -85.7594
8 38.2542 -85.7594
9 25.7014 -80.3582
10 34.8697 -111.761
12 38 -97
13 38 -97
14 38 -97
15 38 -97
16 39.7684 -86.158
17 38 -97
18 29.808 -81.2677
19 39.7392 -104.9847
21 41.85 -87.65
22 28.8053 -97.0036
23 41.7081 -70.3405
24 42.9396 -71.5353
25 26.0112 -80.1495
26 26.0112 -80.1495
27 40.1883 -75.1502
28 37.666 -77.5064
29 47.6062 -122.3321
30 26.142 -81.7948
31 26.142 -81.7948
32 39.5186 -104.7614
33 32.9672 -117.2586
34 27.9447 -82.7943
35 26.3483 -80.1585
37 42.6179 -70.7154
38 40.0982 -87.6409
39 45.5038 -109.5674
40 25.9248 -81.6456
41 33.8449 -117.7391
43 60.7333 11.15
44 60.7167 10.6167
45 50.6231 26.2274
46 51.9167 4.5
47 46.9 19.7833
48 46.9 19.7833
49 46.9 19.7833
50 69.9667 23.2417
51 36.7227 -3.5395
52 44.4333 10.7
53 49.3996 17.6742
55 43.9 12.9167
1 55.7887 49.1221
2 55.9116 37.7308
3 49.0521 15.8101
4 39 35
5 48.3833 7.6167
6 37.9833 23.7333
7 37.9833 23.7333
8 46.15 10.9667
9 61.6833 27.25
10 61.6833 27.25
11 43.4 10.85
12 61.2 6.5333
13 49.5571 20.7355
14 49.5571 20.7355
15 45.45 11
16 43.2 13.0667
17 44.1433 12.2497
18 42.5833 13.9667
19 52.5058 6.0858
20 48.86 2.35
21 48.86 2.35
22 47.3333 13.3333
23 47.3333 13.3333
24 47.3333 13.3333
26 46.9647 15.4042
27 47.35 11.8833
28 47.3333 13.3333
29 47.35 10.1833
30 48.3 14.3
31 48.8667 2.3333
32 48.86 2.35
33 48.86 2.35
34 48.86 2.35
35 51 9
36 51 9
37 51 9
38 51 9
39 51 9
40 51 9
41 50.1167 8.6833
42 51 9
43 51 9
44 51 9
45 51 9
46 51 9
47 51 9
48 51 9
49 51.5 -0.13
50 42.8333 12.8333
51 43.5167 11.4833
52 51.5 -0.13
53 56.95 24.1
54 42.4167 1.9167
55 53.9091 14.24
1 47.1333 9.5167
3 47.1311 7.2519
4 47.352 8.7137
5 42.5191 -0.3624
6 42.5191 -0.3624
7 42.5466 -6.5962
8 41.6447 -0.972
9 38.26 -0.707
10 40 -4
11 43.3194 -3.0203
13 42.3502 -3.6753
14 51.7167 8.7667
15 47.8833 16.25
16 47.3333 13.3333
17 57 25
18 57 25
19 56.05 12.7
20 48.15 17.1167
21 48.3 14.3
22 47.3333 13.3333
23 51.5 -0.13
24 51.5 -0.13
25 51.5 -0.13
26 51.5 -0.13
27 51.5142 -0.0931
28 59.8167 10.25
29 59.7425 10.2117
30 59.3333 14.5167
34 51.5 -0.13
35 56.95 24.1
36 55.7522 37.6156
38 52.35 4.9167
39 47.3667 8.55
40 47.5 9.7667
41 16.2333 -61.5167
42 14.6 -61.0833
43 16.2333 -61.5167
44 14.6 -61.0833
45 48.86 2.35
46 41.3984 2.1741
47 41.4969 2.1574
48 48.86 2.35
49 47 8
50 47 8
51 48.86 2.35
52 64.2 19.7333
53 64.2 19.7333
2 64.6167 16.65
3 61.3 17.05
4 51 9
5 44.0633 12.5808
6 37.8167 13.3
7 45.0441 11.75
8 45.3 11.3833
9 38.0333 12.5833
10 60 100
11 42.8333 12.8333
12 56.4977 84.9744
13 48.86 2.35
14 48.86 2.35
15 48.86 2.35
16 59.7 5.3833
17 59.7 5.3833
18 48.15 11.5833
19 55.7333 24.35
21 65.0167 25.4667
22 47.5 19.0833
23 47.5 19.0833
24 47.5 19.0833
25 51.1 13.65
26 51.1 13.65
27 51.1 13.65
28 51.1 13.65
29 51.1 13.65
30 60.8 11.1
32 65 -18
33 47.3333 11.1833
34 57.65 12.0167
35 45.85 9.05
36 41.2167 14.45
37 41.2167 14.45
38 45.1667 15.5
39 63.3167 9.8667
40 51.9667 7.6333
41 56.3269 44.0075
42 56.3269 44.0075
43 56.3269 44.0075
44 53.2007 45.0046
45 48.5333 16.75
46 48.5333 16.75
47 48.8637 2.2769
48 48.8601 2.3507
49 48.8925 2.3444
50 43.3932 6.3147
51 48.8817 2.3822
52 49.4333 1.0833
53 49.4333 1.0833
54 48.6 2.4167
55 48.4295 1.4738
1 48.9167 2.2833
2 48.7833 2.4
3 42.8333 12.8333
4 44.3167 23.8
6 46.1833 21.3167
7 40.6333 14.4
8 40.8667 14.55
9 45.7383 12.2336
10 35.2985 -111.3252
11 53.0329 5.6633
12 53.1125 6.0989
13 46.5333 6.6667
14 53.1333 23.15
17 64 26
18 64 26
19 48.8655 2.3426
20 43.4833 -1.4833
21 40 -4
22 45.6667 9.95
23 47.8 13.0333
24 47.4167 12.85
25 47.3353 13.2989
26 51.7502 7.8968
27 43.8564 25.9708
28 52.5 5.75
29 28.0997 -15.4134
32 55.7522 37.6156
35 39 22
36 39 22
38 52.5 5.75
39 52.5 5.75
41 52.5 5.75
42 52.5 5.75
43 42.6833 23.3167
44 45.1667 15.5
45 45.1667 15.5
46 45.1667 15.5
47 48.95 8.4
48 48.2 16.3667
49 48.2 16.3667
50 48.2 16.3667
51 63.8333 23.1167
52 63.8333 23.1167
53 40.9167 14.15
54 40.9167 14.15
55 45.7494 21.2272
1 47.8 13.0333
2 47.3333 13.3333
3 47.3333 13.3333
4 41.7667 12.65
5 62 10
6 62 10
7 63.4 8.9833
9 52.35 14.55
10 55.6667 12.5833
11 47.3333 13.3333
12 48.4333 18.65
13 60 100
14 43.4667 11.15
15 49.75 15.5
16 37.9833 23.7333
17 56.1972 10.248
18 52.2667 8.05
19 51.5333 0.0833
20 46.7207 7.1037
21 45.7494 21.2272
22 45.6333 25.5833
23 45.15 26.8333
24 45.6333 25.5833
25 45.15 26.8333
26 45.15 26.8333
27 48.3 14.3
28 48.3 14.3
29 49.75 15.5
30 47 20
31 41.6167 0.6333
32 50.9833 7.1333
33 51 9
34 51 9
35 51 9
36 51 9
37 51 9
38 51 9
39 51 9
40 52.5 5.75
41 52.9021 16.5641
42 52.9021 16.5641
43 52.2379 4.4747
44 53 -8
45 51 9
46 51 9
48 42.8333 12.8333
49 47.1667 14.6667
50 49.1833 -2.1
51 47.7151 8.622
52 60 100
53 56.9972 40.9714
54 46.5667 11.6667
55 46.2833 11.45
1 45.55 10.25
2 56 10
4 50.8667 6.8667
5 47.3333 13.3333
6 47.0667 9.9167
7 47.8 13.0333
8 47.8 13.0333
9 47.4167 12.85
10 47.3333 13.3333
11 49.2814 16.5648
12 49.2814 16.5648
13 49.2814 16.5648
14 42.8333 12.8333
15 42.8333 12.8333
16 51.4167 5.4167
17 51.4668 5.572
18 44.95 -0.2
19 43.2854 5.3761
20 43.7031 7.2661
21 43.1178 5.8001
22 59.4339 24.7281
23 51.45 -0.5833
24 48.15 11.5833
25 41.3984 2.1741
27 42.3502 -3.6753
28 36.168 -5.3472
30 40 -4
31 40 -4
32 42.8333 12.8333
33 40.7667 14.8
35 42.8333 12.8333
36 51.2167 6.7667
37 47.3878 8.0735
38 69.725 30.0517
39 55.5827 37.9052
40 51.5 -0.13
41 51.4333 -1
42 51.5 -0.13
43 52.5 5.75
44 47 20
45 67.2833 14.3833
46 59.8944 30.2642
47 60.9667 25.6667
48 50.0564 14.6711
49 50.0564 14.6711
50 50.0564 14.6711
52 44.4333 26.1
53 48.9331 14.6216
54 45.7494 21.2272
55 42.6976 2.8954
1 45.6333 4.75
2 45.7833 3.0833
3 44.4833 11.3333
6 48.1833 14.1167
7 55.7522 37.6156
8 49.9012 14.5812
9 59.4339 24.7281
10 48.6768 2.3484
12 48.0667 13.9
13 48.0667 13.9
14 47.0333 12.8333
15 47.0333 10.6
16 47.3333 13.3333
18 47.4333 15.3
19 47.0667 15.0833
20 46.7333 15.9667
21 47.4 10.9167
22 47.3717 8.0797
23 44.8333 11.5833
24 47 20
25 51 9
26 57 25
27 55.6294 37.8565
28 49.8224 19.0469
30 42.8167 10.3167
31 47.5 19.0833
32 46.7667 21.1333
33 46.6167 21.1
34 51.5 -0.13
35 51.5 -0.13
36 54.7852 56.0456
37 55.75 60.1167
38 53 -8
39 48.9833 14.4667
40 44.95 26.0167
41 44.55 26.0667
42 52.5 5.75
43 55.0587 10.5913
44 57.4763 10.2009
45 49.0047 8.3858
46 47.5167 12.3333
47 47.3333 13.3333
48 46.6833 14.1167
49 47.3333 13.3333
50 52.3342 -6.4575
51 64.15 -21.95
52 49.9533 16.1547
53 49.33 17.5772
1 59.7333 8
2 60.1 5.1667
3 55.7522 37.6156
4 41.9957 0.5426
5 40.8333 14.85
6 50.6107 36.5802
8 45.45 11
9 42.8333 12.8333
10 42.8333 12.8333
11 59.8944 30.2642
12 59.8944 30.2642
13 43.9 12.9167
14 45.662 13.1081
15 37.9673 12.5227
16 42.8167 13.8333
17 43.9995 12.6569
18 43 25
19 53 -8
20 60 100
21 40.7684 -74.4942
22 28.2397 -82.3279
23 37.9445 -87.4053
24 42.062 -72.4989
26 48.7833 -123.7
27 30.4213 -87.2169
28 34.2999 -79.8762
29 35.5206 -86.0703
30 30.5143 -86.463
31 33.6751 -117.7339
32 30.2241 -92.0198
33 40.209 -111.474
34 41.3362 -75.9633
35 40.6439 -78.6226
36 46.1933 -123.0548
37 36.8952 -121.2434
38 25.8941 -80.1821
39 30.4066 -87.6836
40 30.4066 -87.6836
41 32.8897 -117.1336
42 29.8327 -95.6627
43 41.85 -87.65
44 29.7633 -95.3633
45 37.57 126.98
46 46.8568 9.5269
47 48.2 16.3667
48 41.8089 -88.0112
49 42.2923 -83.7145
50 37.3824 -5.9761
52 50.0833 19.9167
54 53.55 10
55 25.7743 -80.1937
1 25.7743 -80.1937
2 25.7743 -80.1937
3 51.75 -1.25
4 51.75 -1.25
5 47.6833 13.1
6 47 8
7 47 8
8 47 8
11 34.6667 135.5
12 40.3756 -74.6597
13 37.9167 139.05
15 35.69 139.69
16 35.69 139.69
17 35.69 139.69
18 35.69 139.69
19 36.5314 -87.353
20 47 8
21 40.7282 -74.0776
22 35.685 139.7514
23 35.685 139.7514
Not Found
25 41.7057 -70.9469
26 45.9356 -66.6609
27 28.5383 -81.3792
28 43.4195 -83.9508
29 43.0389 -87.9065
30 40.2039 140.0242
31 40.2039 140.0242
33 46.0619 13.2422
34 47 8
35 46.9004 7.2292
36 46.7209 6.9598
37 37.5522 -77.4582
38 37.5522 -77.4582
39 49.2765 -123.2177
40 47 8
41 49.2765 -123.2177
42 35.685 139.7514
43 52.25 -0.8833
44 45.7088 4.8606
46 36.5105 -4.8857
47 51.5 -0.13
48 57.6333 18.3
49 57.6333 18.3
50 43.8777 -79.4359
51 40.2109 -75.2782
52 52.3667 9.7167
53 53.4395 14.5939
54 43.1548 -77.6156
55 43.1548 -77.6156
1 26.1223 -80.1434
3 57.7167 11.9667
4 63.1667 17.2667
5 35.685 139.7514
6 26.6217 -81.8406
10 47.0776 7.3116
11 58.7667 5.6667
12 34.6059 -86.9833
14 48.5333 8.0833
15 48.86 2.35
16 40.6572 -4.6995
17 42.2917 -85.5872
18 51 9
19 45.35 11.7833
20 40.5412 -119.5869
21 51.5 -0.13
23 30.4213 -87.2169
24 40.2489 -75.1498
26 47.1242 8.4444
27 35.685 139.7514
28 41.1167 1.25
29 26.5629 -81.9495
31 51 9
32 42.4928 -92.343
33 53.1333 23.15
34 46.7512 7.6217
35 35.685 139.7514
36 59.3333 14.5167
37 44.9283 -73.2775
38 27.0442 -82.2359
39 59.2 9.6
40 40 -4
42 66.3667 12.3833
43 41.3081 -72.9282
44 33.6119 -111.8906
45 35.685 139.7514
46 34.1808 -118.309
47 34.1808 -118.309
48 34.1808 -118.309
49 46.7512 7.6217
50 53.55 -113.5
51 51.5 -0.13
53 41.3891 -81.5368
54 44.6 -79.4167
55 40.6501 -73.9496
1 38.3448 -76.5806
2 38.3448 -76.5806
3 42.3888 -71.4225
4 40.4249 -86.9162
5 63.8333 20.25
6 37.4299 -121.7783
7 53.35 -2.7333
8 53.35 -2.7333
9 27.8006 -97.3964
10 51.7862 4.4377
11 41.2223 -73.0565
12 34.0633 -117.6509
13 26.3711 -81.7733
14 42.3451 -71.0993
15 42.3451 -71.0993
16 43.1548 -77.6156
17 51.3794 -2.3656
19 51.5 -0.13
20 49.9333 10.8833
21 51.5857 6.0201
22 51.5857 6.0201
23 43.1548 -77.6156
24 34.2726 -117.1968
25 47.4828 8.2037
29 47.4998 9.3959
32 49.75 15.5
33 40.64 -79.1294
34 47 20
35 35.685 139.7514
36 35.685 139.7514
38 34.6167 135.6
39 55.7522 37.6156
40 54.1549 34.3141
41 36.0331 -86.7828
44 55.8424 38.1936
46 47.6167 13.15
47 47 8
49 40.7458 -73.639
51 35.5206 139.7172
52 35.5206 139.7172
53 35.5206 139.7172
54 36.0331 -86.7828
55 35.69 139.69
2 37.4842 -105.0369
3 36.0331 -86.7828
4 33.749 -84.388
5 60.9333 10.7
6 36.0331 -86.7828
7 35.685 139.7514
8 35.45 139.65
10 47.4705 8.3164
11 35.685 139.7514
12 35.685 139.7514
13 35.685 139.7514
14 35.685 139.7514
15 35.685 139.7514
17 35.685 139.7514
18 35.685 139.7514
19 35.7833 139.9
20 30.3322 -81.6556
21 37.05 140.8833
22 34.6913 135.183
23 54.3333 10.1333
24 35.685 139.7514
25 35.685 139.7514
26 41.3152 -70.009
27 50.8333 4
28 35.685 139.7514
29 47.2022 8.7842
30 40 -4
31 34.129 -105.4084
32 50.9333 11.5833
33 37.5155 -121.8962
35 35.69 139.69
36 41.682 -85.9767
37 35.69 139.69
38 46.5 -80.9667
42 55.7522 37.6156
43 35.69 139.69
47 40.7276 -73.6344
48 37.3541 -121.9552
49 35.69 139.69
50 33.5833 130.4
52 60 100
53 49.8407 24.0305
54 37.7742 -87.1133
55 34.6667 133.9167
2 35.69 139.69
3 50.8333 4
4 47.5 19.0833
5 47.2667 11.4
6 49 32
8 47.45 12.3833
9 59.9167 10.75
11 47.0794 8.3404
13 44.8333 11.5833
14 35.1427 -77.163
15 47.2 9.7667
16 40.4439 -79.9561
17 44.7167 -79.8167
19 48.8667 2.3333
20 50.5833 12.7
23 35.45 139.65
24 43.1313 -74.3571
25 43.55 7.0167
26 42.8333 12.8333
27 46.6839 7.8664
28 50.0833 14.4667
29 51.5167 -1.7833
31 53.55 10
32 45.628 -110.9013
33 43.9561 -77.353
34 48.2 16.3667
36 25.0392 121.525
37 25.0392 121.525
38 15 100
39 48.95 9.4333
40 39.6456 -79.9433
41 48.86 2.35
43 46.1868 6.2161
44 35.69 139.69
45 20.0833 -98.3667
47 35.69 139.69
48 47.65 9.4833
49 47 8
52 33.5597 133.5311
53 35.685 139.7514
54 36.6953 137.2114
55 36.6953 137.2114
1 43.6615 -70.2553
3 54.3167 8.95
4 28.3873 -16.5168
5 35.1495 -90.049
8 41.8208 -77.0752
9 29.2108 -81.0228
10 46.1154 -67.917
11 36.0626 -94.1574
12 44.0384 -64.7184
13 38.9376 -77.0928
15 46.8492 7.1885
16 30.4218 -86.6298
17 36.3 136.3333
18 37.75 140.4667
19 51.5 -0.13
20 55.6333 13.2167
21 47.4899 6.9241
22 37.8668 -122.2536
24 43.0463 -77.6892
25 49.8 6.7167
26 33.4484 -112.074
27 40.1246 -75.5385
28 40.1246 -75.5385
29 47.15 14.4
30 47.1667 14.6667
31 35.1768 -80.8544
Not Found
34 52.0833 10.3333
35 50.9833 7.1333
36 51 9
37 39.1813 -107.2261
38 59.8944 30.2642
39 38.8983 -106.8741
40 48.86 2.35
41 33.8502 -117.7912
42 50.3 8.7167
43 37.57 126.98
44 49.5239 9.3231
45 50.0833 19.9167
47 30.4213 -87.2169
48 48.9 9.1833
49 49.4811 8.4353
50 51.6167 7.2
51 39.1252 -76.5116
52 47.8833 12.65
53 42.7526 -90.4891
54 50.0333 8.1167
55 29.8409 -85.269
1 51.6333 -0.7667
2 -37.8139 144.9634
3 55.7 13.1833
4 55.7 13.1833
5 55.7 13.1833
6 55.7 13.1833
7 55.7 13.1833
8 43.359 -2.6664
9 51.4833 7.2167
10 44.7916 -87.467
11 42.8333 12.8333
12 34.8833 135.8
13 37.7957 -122.4209
14 66.3167 14.1667
15 58.3833 8.7
16 36.1473 -86.777
17 33.4484 -112.074
18 34.6248 -112.422
19 34.6248 -112.422
20 32.5782 -85.349
21 41.8375 -69.9748
22 47 8
23 51.9 10.4333
24 35.685 139.7514
25 42.2683 -85.6167
26 42.3646 -71.1028
27 48.86 2.35
29 47 8
30 47 8
Not Found
32 35.9 136.1667
33 53.9667 -1.0833
34 51.5 -0.13
35 51.5 -0.13
36 42.6179 -70.7154
38 35.3261 139.4039
39 52.5167 13.4
40 53.6333 11.3833
41 29.4821 -98.4556
42 47.7157 -122.301
43 42.5244 -71.7657
44 43.6515 1.4832
46 47.5 11.1
47 49.1 10.9833
48 35.69 139.69
49 53.55 10
50 53.55 10
51 24.7163 -81.0767
54 42.9167 13.8333
55 35.69 139.69
2 59.4339 24.7281
3 47.1486 5.2747
4 35.69 139.69
5 47.5281 8.6685
6 35.69 139.69
7 30.4213 -87.2169
8 50.8667 8.0333
9 47.201 -116.5521
10 43.6797 -85.5619
11 31.3404 -110.9343
12 35.69 139.69
14 39.1023 -96.5246
15 39.1023 -96.5246
16 35.3658 -120.8499
18 33.6119 -111.8906
19 35.69 139.69
20 35.685 139.7514
22 47 8
23 35.685 139.7514
24 35.685 139.7514
25 35.685 139.7514
26 35.685 139.7514
27 38.9266 -77.3936
28 59.0167 6.05
29 36.6514 138.1811
30 38.75 141
31 70.9833 25.9833
32 40.9967 -72.3226
33 40.9967 -72.3226
34 35.685 139.7514
35 35.685 139.7514
36 35.3231 139.3422
37 35.3231 139.3422
38 39.1145 -1.996
41 50.8667 -3.4
42 38.65 -90.5334
43 42.5602 -85.8586
44 35.45 139.65
45 22.1667 113.55
46 22.2 113.55
47 35.685 139.7514
48 35.685 139.7514
49 35.69 139.69
50 35.685 139.7514
51 59.4339 24.7281
52 34.6864 135.52
53 50.7708 6.1053
54 50.7708 6.1053
55 53.1333 7.6167
1 35.69 139.69
2 35.69 139.69
3 35.69 139.69
4 35.69 139.69
5 35.69 139.69
6 35.69 139.69
7 35.69 139.69
8 35.69 139.69
9 35.69 139.69
10 35.69 139.69
11 47.3333 13.3333
12 35.7167 140.65
13 -5 120
14 33.8703 -117.9253
15 33.8768 -117.8931
16 35.685 139.7514
18 38.7025 -9.2294
19 44.6067 -121.056
21 48.5217 -2.6088
22 35.9606 -83.9207
23 35.9606 -83.9207
24 35.9606 -83.9207
25 35.9606 -83.9207
26 35.9606 -83.9207
27 41.4748 1.9799
28 35.685 139.7514
30 48.0761 7.7251
31 37.5636 22.8075
32 52 20
34 60.45 22.2833
38 61 14.55
39 51 9
40 61.9 6
41 49.75 15.5
42 60.6667 17.1667
43 46.4268 18.7825
44 55.7559 9.4258
45 70.0731 29.7697
46 70.0731 29.7697
47 70.0731 29.7697
48 70.0731 29.7697
50 50.3058 18.9742
51 54.4212 16.4097
52 53.8265 22.3654
53 35.685 139.7514
54 47.5 9.7667
1 35.69 139.69
2 35.685 139.7514
3 47.0754 7.3108
4 34.9667 138.3833
5 52.4167 -1.7833
6 29.1872 -82.1401
7 51.46 -2.1247
8 52.9333 -1.5
9 47.228 8.826
10 60.1756 24.9342
11 47.6597 -117.4291
Not Found
Not Found
14 53.6333 14.0167
15 35.685 139.7514
16 35.685 139.7514
17 35.685 139.7514
18 51.9667 7.6333
19 47.4621 9.0429
20 35.685 139.7514
21 49.296 17.3957
22 63.8333 20.25
23 35.763 139.4458
24 37.5985 126.9783
25 60.9 26.3667
26 51 9
27 52.5 5.75
28 35.69 139.69
29 35.69 139.69
31 51.5 -0.13
32 53.9167 9.5167
33 51 9
34 42.5051 -71.2047
35 47.979 -122.2021
36 50.2333 4.2333
38 48.86 2.35
39 47 8
40 47 8
41 47 8
42 32.814 -96.9489
43 40.0707 -74.8332
44 47.6322 7.6218
45 35.5224 -98.7331
47 33.9571 -118.4041
48 35.69 139.69
49 35.69 139.69
50 35.69 139.69
51 35.69 139.69
52 36.6953 137.2114
53 36.6953 137.2114
54 38 -97
1 35.69 139.69
2 35.5531 139.3544
3 35.69 139.69
4 35.69 139.69
6 51.5 -0.13
7 47.8 13.0333
8 44.7916 -87.467
9 50.8333 12.9167
10 48.3 14.3
11 55.95 -3.2
12 43.9624 -86.3979
13 38.938 -76.3325
14 59.4339 24.7281
15 58.3661 26.7361
22 40.9521 -73.7382
23 63.7333 9.7
24 40.9117 -74.3631
25 44.203 -72.8428
26 35.9 136.1667
27 21.0333 105.85
28 47 20
29 48.7577 16.89
30 32.7659 -79.8396
Not Found
33 44.3041 -94.4356
34 32.7714 -97.2915
35 43.5497 6.9943
36 43.5497 6.9943
37 37.9833 23.7333
38 25.9376 -81.6977
39 37.5155 -121.8962
40 35.69 139.69
41 35.69 139.69
42 35.5333 134.8333
Not Found
44 46.6847 7.6911
45 34.0311 -118.49
46 48.2932 -122.6432
47 20.6989 -156.443
48 51.4167 -0.5667
49 38 -97
50 27.0998 -82.4543
51 45.55 11.55
52 42.85 -2.6667
53 41.5421 2.4445
54 39.3333 -0.6167
55 39.5514 8.7917
1 41.55 2.2167
2 37.3824 -5.9761
3 41.3984 2.1741
4 39.1667 -0.25
5 47.8 13.0333
6 46.1667 24.4167
7 33.5833 130.4
8 33.5833 130.4
9 33.5833 130.4
10 33.5833 130.4
11 33.5833 130.4
12 33.5833 130.4
13 35.69 139.69
14 35.69 139.69
15 34.7667 134.85
16 35.685 139.7514
17 41.6787 0.8558
18 47 8
20 46.7649 -112.015
21 35.35 136.6167
22 44.5642 -123.279
23 35.685 139.7514
26 51.8167 -0.8
27 35.685 139.7514
28 54.2667 10.0667
29 54.2667 10.0667
30 54.2667 10.0667
31 54.2667 10.0667
32 54.2667 10.0667
33 51.55 14.3667
34 40.2181 -111.6133
35 37.9843 -120.39
36 40.8963 -74.1513
37 40.8963 -74.1513
38 40.8963 -74.1513
39 40.8963 -74.1513
40 40.8963 -74.1513
41 63.8333 20.25
42 36.9788 -76.428
43 41.1176 -73.4079
44 42.2923 -83.7145
45 35.69 139.69
46 35.69 139.69
47 40.8 -96.667
48 51.5167 10.8
49 51 9
52 35.685 139.7514
53 35.3167 136.2833
54 56.1365 40.3966
1 35.69 139.69
2 35.685 139.7514
3 35.685 139.7514
4 52.5167 13.4
5 44.7631 -85.6206
6 62 10
7 33.3228 -116.8786
8 35.685 139.7514
9 40.7801 -74.0633
10 38 -97
11 18 -76.8
12 51.3833 12.4833
13 35.69 139.69
14 28.0997 -15.4134
17 35.685 139.7514
18 40.8 -96.667
19 53.8667 10.7
20 30.6944 -88.043
21 40.7934 -77.86
22 52.0938 5.1191
23 52.9833 -3.9333
25 55.7522 37.6156
26 52.8825 -8.3503
27 52.8825 -8.3503
28 52.8825 -8.3503
29 49.75 15.5
30 33.7855 -82.4198
31 40.8549 -74.2859
32 35.9606 -83.9207
33 49.8167 6.8833
34 51 9
35 26.5629 -81.9495
37 41.0387 -73.7173
38 40.5412 -119.5869
39 36.1473 -86.777
40 38.3384 -75.1249
42 36.154 -95.9928
43 37.3338 -121.8915
44 35.4737 -81.2545
46 40.5373 -7.2657
47 47 8
48 47 8
49 47.3667 8.55
50 28.4602 -16.2806
51 48.15 11.5833
53 48.25 11.65
54 30.4563 -84.354
55 50.7 11.0167
1 35.69 139.69
3 34.8914 -85.1207
4 37.9022 139.0236
5 51.3794 -2.3656
6 46.2131 -119.1682
7 29.7987 -95.4192
8 47.45 12.3833
9 52.3167 8.3333
10 52.2833 -1.5833
11 47.9333 8.0833
12 47.9333 8.0833
13 47.5 11.1
14 47.5 11.1
15 41.664 -91.5447
16 52.0938 5.1191
17 19.4342 -99.1386
18 60.1756 24.9342
19 43.6667 -79.4167
20 36.5484 -82.5618
21 59 26
22 35.685 139.7514
23 47.7833 12.9667
24 44.0744 -121.2574
25 42.5153 -70.9075
26 39.5743 2.6552
27 40.4 17.55
28 59.4119 5.2775
29 45.9284 3.4935
30 43.0642 141.3469
31 35.9724 -84.2904
33 47 8
35 51.2 -1.4833
36 35.5206 139.7172
37 37.7799 -121.978
38 45.5333 9.5167
39 47 8
40 54.5333 13.55
41 35.685 139.7514
42 70.6617 23.6883
43 48.8667 2.3333
44 19.43 -99.13
45 35.685 139.7514
46 35.685 139.7514
47 42.8833 141.5667
48 35.685 139.7514
49 42.3801 -71.0642
50 35.685 139.7514
51 38.2406 140.3633
52 35.8348 140.1636
53 27.2965 -80.292
54 48.8667 2.3333
55 42.7526 -90.4891
1 26.7153 -80.0534
2 58.5 5.7833
3 58.5 5.7833
4 39 22
5 39 22
6 52.5 -1.9667
7 43.7396 -83.3934
8 58.35 11.25
9 39.1668 -84.5382
10 39.1668 -84.5382
11 44.1733 -69.1248
12 37.4178 -122.172
13 34.6913 135.183
14 68.75 17.8
15 38.1169 -86.9115
16 42.7284 -73.6918
17 42.3751 -71.1056
18 43.5932 -70.2382
19 38.9266 -77.3936
20 35.3231 139.3422
22 51.05 13.75
23 51.3167 9.5
24 41.9474 -87.7037
25 50.8667 3.1667
26 41.6123 -73.4121
27 49.8706 8.6494
28 35.685 139.7514
29 47 8
30 49.2913 17.7309
31 50 8.2711
32 33.3528 -111.789
34 51.5 -0.13
35 65.85 23.1333
36 46.1107 -118.3077
37 35.685 139.7514
38 35.685 139.7514
39 59.3667 13.5
41 65.3333 21.5
42 39.2904 -76.6122
43 42.2159 -70.8793
44 47.4891 -122.2908
45 42.5051 -71.2047
46 43.7098 -87.7478
47 34.0667 134.5667
48 62.8333 21.4167
49 59 26
50 35.685 139.7514
51 35.685 139.7514
52 21.4116 -158.0183
53 35.685 139.7514
54 35.685 139.7514
55 35.685 139.7514
1 35.685 139.7514
2 45.6333 10.0167
3 52.5 5.75
4 35.685 139.7514
5 33.6119 -111.8906
6 43.2854 5.3761
7 41.5951 -85.7884
8 35.6892 138.6903
9 40.9 0.8
10 40.9 0.8
11 37.9963 -107.8805
12 33.2493 130.2988
13 40.5996 -80.2078
14 44.0979 -70.2312
15 38.5767 -92.1735
16 34.2521 -118.7843
17 46.6853 7.8472
18 42.2081 -70.775
19 30.1608 -85.625
20 30.1608 -85.625
21 50.75 11.9167
22 26.5881 127.9761
23 56.05 14.55
24 35.685 139.7514
25 35.7125 -88.7021
26 35.9298 -86.4605
27 35.9298 -86.4605
28 35.9298 -86.4605
29 47 8
30 43.1669 -76.0558
31 52.0186 4.3782
32 39.2513 -119.973
33 3.15 101.7667
34 51.55 7.2167
35 28.5445 -81.3706
36 35.9543 -93.9795
37 35.9543 -93.9795
38 40.8 -96.667
39 47.8 13.0333
40 47.7833 12.9667
41 44.3511 -74.1034
44 64.15 -21.95
45 40 -4
46 38.3462 -0.4877
47 57.1333 -2.1
49 42.3502 -3.6753
50 47.8 13.0333
51 54.8 9.3833
53 43.0463 -77.6892
54 41.7499 -77.3334
55 41.7499 -77.3334
1 41.7499 -77.3334
2 41.7499 -77.3334
3 41.7499 -77.3334
4 41.7499 -77.3334
5 51.5 -0.13
6 49.4478 11.0683
7 48 7.85
8 45.3349 -63.2375
9 35.685 139.7514
10 47.4831 9.6667
11 35.685 139.7514
12 45.5234 -122.6762
13 42.3765 -71.2356
14 43.0899 -77.6376
15 43.0899 -77.6376
17 43.0899 -77.6376
18 22.1667 113.55
19 46.5333 6.6667
20 35.685 139.7514
21 38 -97
22 22.2833 114.15
23 44.0364 -123.0547
24 59.5833 15.25
25 35.69 139.69
26 45.3449 -84.915
29 49.75 15.5
31 39.2722 -86.6197
32 45.2846 -111.3683
33 45.3449 -84.915
34 45.3449 -84.915
35 43.0899 -77.6376
36 51 9
37 41.4867 -90.5725
38 47.75 -3.3667
39 44.7835 10.8788
40 39.7444 -83.7669
41 38.8312 -104.8082
42 42.8333 12.8333
43 44.2833 11.8833
45 54.0667 9.9833
46 43.1098 -76.1995
48 34.0397 -118.7077
49 51.6333 -3.9667
50 59.4339 24.7281
51 37.7724 -3.7901
52 64.6167 16.65
54 38.7023 -106.9402
55 52.2316 11.0018
2 62.2833 21.3833
3 43.9 12.9167
4 43.4464 -76.3971
5 58.9333 11.1833
6 64.6167 16.65
7 64.6167 16.65
8 43.8988 -69.9725
9 39.7444 -83.7669
10 61.25 73.4167
11 51 9
12 38.9376 -77.0928
13 45.1715 5.7224
14 52.5 5.75
15 35.3911 136.7222
17 48.2028 16.5508
18 53.55 10
19 49.4958 5.9806
20 54.5667 9.2167
21 49.7336 2.2555
Not Found
24 42.0334 -88.0834
25 37.2906 -80.1014
28 25.2582 55.3047
29 51.5 -0.13
31 51 9
33 58.9667 5.75
34 51.7002 5.3068
35 51 9
36 38 -97
38 35.69 139.69
40 40.8333 14.25
41 48.8333 12.9667
43 46.9896 3.159
45 47.3667 8.55
46 49.75 15.5
47 45.1715 5.7224
48 32.2338 -110.95
49 48.6667 9.65
50 51 9
51 38.8462 -77.3064
52 35.69 139.69
55 48.3167 13.5833
1 43.4665 -80.5023
2 51.3167 9.5
3 46.1956 6.1481
6 49.3 6.9333
8 48 7.85
9 19.43 -99.13
10 33.0198 -96.6989
13 44.1266 -72.6827
15 42.8333 12.8333
16 41.3167 16.2833
19 39.3 16.25
20 52.5 5.75
23 52.5167 13.4
24 50.7359 2.7359
25 48.9002 2.3095
26 48.86 2.35
27 42.1286 -87.9237
28 47.0833 8.2667
29 68.7019 15.4239
31 47.8 13.0333
33 53.7667 -2.7167
34 41.6362 -70.9342
35 47.6645 -122.5101
Not Found
37 34.7251 -83.5108
38 50.8333 9.0167
39 31.2232 -85.3905
40 34.2542 -110.0298
41 44.2788 -72.6171
42 35.685 139.7514
43 49.7833 -92.8333
44 35.685 139.7514
45 40.8 -96.667
46 51.2167 4.4167
47 51.2167 4.4167
48 51.2167 4.4167
49 51.2167 4.4167
50 51.2167 4.4167
51 51.2167 4.4167
52 45.4667 9.2
53 53.3331 -6.2489
54 40 -4
55 35.6009 -82.554
1 41.3114 -105.5911
2 34.6248 -112.422
3 37.5985 126.9783
4 35.69 139.69
5 34.6913 135.183
6 47.7833 12.9667
7 51.5005 7.4063
